-313168.567755	-460371.085696	-2830.02368151	20
-282517.793697	-460400.157004	-3003.77014146	20
-253059.835769	-460421.537899	-1576.37114249	20
-223002.640738	-460401.05006	-1993.21832265	20
-193032.724042	-460373.670301	-612.616603576	20
-280171.367076	-490268.018518	-3517.33876937	50
-250575.774313	-490255.565766	-2675.23271472	50
-190588.748775	-490219.33351	-1636.91076651	50
-167890.904516	-490243.166447	-3263.52697739	50
-266753.619028	-510450.919774	-3364.7940184	70
-237281.978166	-510044.640217	-2000.70336904	70
-218324.280371	-514421.651273	-804.88337253	1040
-206676.721963	-510340.698442	-1364.32175285	70
-177287.684579	-510310.87346	-1554.87036124	70
-252934.414006	-520309.73127	-3084.47342515	80
-222804.389239	-520370.476869	-3039.03655992	80
-192665.607115	-520348.443515	-1907.98623037	80
-163344.619628	-520500.011807	-1094.59060052	1050
-239493.694578	-540382.467621	-2434.48549793	100
-218327.450219	-544564.002198	-773.492659455	1040
-208540.493443	-540623.788511	-2498.86978748	100
-179187.434882	-540285.011351	-3000.2566649	100
-148818.510728	-540195.077676	-2123.41816395	100
-235113.069703	-550275.915055	-2180.35579823	110
-204721.001482	-550268.303771	-4043.56354963	110
-174498.845702	-550295.448342	-3183.57934556	110
-163337.840391	-554537.802038	-768.880005551	1050
-146556.424556	-550285.024886	-1924.99591055	110
-124210.738527	-550243.776859	-3062.22070299	110
-230356.854446	-570090.638034	-1835.31777334	130
-170990.241062	-569801.939792	-2876.14323717	130
-139800.144066	-570243.033545	-2303.80917958	130
-218323.095354	-574724.444338	-1140.05235588	1040
-255460.204663	-580287.75306	-1533.12330313	140
-226324.546472	-580300.131495	-1371.54575187	140
-195301.780163	-580256.169927	-2619.7306151	140
-166789.884554	-580277.17951	-2827.04438463	140
-163354.439157	-584284.134755	-3522.44450668	1050
-137970.997363	-580316.861157	-2300.65884998	140
-106736.035595	-580291.735161	-645.135923525	140
-223550.701977	-599851.453542	-2888.43725572	160
-193645.633139	-600033.743918	-3144.28173813	160
-163561.661854	-600199.172541	-1946.7682372	160
-133885.417725	-599885.356351	-2844.09072252	160
-108414.724553	-602471.926362	-3075.2885985	1060
-103379.250886	-600340.695506	-1752.6753417	160
-73514.6740862	-600231.596684	-614.563639897	160
-49195.0026541	-599872.16066	-421.059007685	160
-163330.253533	-614331.457503	-2379.89782703	1050
-72096.4649977	-619907.530228	-1272.76481926	180
-53380.1160833	-618799.343912	-2129.63853749	1070
-42641.8618015	-619990.972436	-2559.33759753	180
-222685.869258	-620584.88631	-2738.62780749	180
-192510.436257	-620579.093769	-1819.81134023	180
-162704.915942	-620472.765122	-2002.64582509	180
-132444.572958	-620249.713236	-1527.47650138	180
-102845.177352	-620203.882627	-1741.61845694	180
-237628.846944	-630289.271609	-1588.63146964	190
-218323.118145	-634802.65033	-640.296252385	1040
-207500.953368	-630311.992732	-2276.39809559	190
-174972.254336	-630326.73008	-995.233593683	190
-148203.509986	-630334.910849	-797.224877868	190
-117264.261773	-630355.378299	-1384.51007072	190
-87654.6766186	-630354.571217	-1163.58475335	190
-57478.4541171	-630346.767453	-1773.87890616	190
-28027.6411184	-630346.295146	-2638.77984606	190
2320.85395018	-630361.256299	-1995.28950185	190
-254213.039855	-640316.229548	-3000.92314439	200
-222105.122035	-640233.804695	-1369.08968497	200
-192993.466864	-640262.198576	-2060.62092274	200
-163270.042331	-640268.333623	-976.868133477	200
-133522.086964	-640295.560431	-1701.82441397	200
-103544.980846	-640263.246814	-890.556030208	200
-73226.354671	-640255.274075	-1289.10649406	200
-43260.0130748	-640251.011744	-3604.68681625	200
-13102.3406984	-640267.643446	-2854.32265612	200
1648.22521074	-636240.880245	-1838.18121328	1080
16712.1947665	-640273.880852	-1168.9825927	200
-249085.934074	-650314.916156	-1675.98359366	210
-218688.405314	-650323.966835	-799.175366149	210
-188712.516101	-650339.086108	-2265.95145252	210
-158639.633613	-650345.951176	-849.778991635	210
-128487.686297	-650328.362976	-1569.31079093	210
-98915.3364016	-650332.177065	-2025.99423818	210
-68829.3432665	-650325.681949	-1053.21433709	210
-53331.70131	-649108.157536	-1195.01208488	1070
-38824.690226	-650298.35005	-2284.13618153	210
-8751.93236667	-650308.078555	-3368.32707505	210
19725.5079443	-650305.04795	-3144.06494126	210
-218337.596343	-664116.46995	-1779.60186758	1040
-108398.048737	-661892.469393	-1706.74627676	1060
-294196.250607	-670414.670189	-2296.00407704	230
-264853.34079	-670249.306358	-3536.77297348	230
-232065.308865	-670234.40639	-2169.29370106	230
-204624.684307	-670272.162229	-567.006985882	230
-174139.470362	-670258.225979	-1725.98934317	230
-163320.130934	-674813.117255	-853.103973324	1050
-144616.357868	-670259.294859	-1047.13244622	230
-114757.518041	-670264.193953	-1020.18853753	230
-84627.5194409	-670280.656852	-863.237548763	230
-54327.1732683	-670257.329061	-2351.01710194	230
-24020.0344701	-670248.572608	-3481.31234115	230
5243.03242364	-670259.807111	-4285.09423809	230
37423.0085095	-670261.514361	-3285.25739731	230
-53354.3655535	-678281.868306	-1895.07171621	1070
-350591.761811	-690597.736509	-1187.96075432	250
-329323.864364	-690195.114994	-1059.97165521	250
-298171.589123	-690284.227914	-3684.65012191	250
-268886.405986	-690277.000196	-4582.0399168	250
-239452.905404	-690292.93898	-3926.26572248	250
-209960.405067	-690275.117507	-1398.34990226	250
-179254.198218	-690300.800486	-1754.96486807	250
-149291.342357	-690290.434022	-878.113561946	250
-118808.144219	-690313.297277	-693.094061221	250
-89209.6919203	-690306.82938	-613.308804943	250
-59313.5918465	-690304.966035	-1580.59858389	250
-26641.1062673	-690332.260594	-3753.79228499	250
808.970675538	-690321.183365	-3652.42958968	250
56641.0105942	-686723.178062	-3601.35996078	1090
-273380.171688	-697492.371991	-5512.49160134	1030
-218314.820914	-694286.24748	-1899.50766591	1040
-108380.577853	-692194.22044	-1286.63111565	1060
-163322.245841	-704379.082508	-1473.83354484	1050
-366226.186976	-710367.012481	-1440.2272338	270
-363754.700445	-708449.287023	-3064.63559556	1020
-338330.243634	-710371.870957	-1166.84003899	270
-305815.30393	-710364.176781	-1232.59534905	270
-276285.330031	-710320.486885	-2531.42113025	270
-245995.311201	-710299.93145	-2228.21517323	270
-214980.590471	-710302.537627	-2795.69158922	270
-186592.433207	-710314.771122	-2109.76193837	270
-156319.032048	-710339.011039	-2431.75014636	270
-125743.697908	-710336.643833	-521.254930144	270
-95636.0600459	-710352.170961	-1117.51611321	270
-65215.6178016	-710296.214127	-641.552458776	270
-53343.3133643	-708558.703135	-2005.97075185	1070
-35760.7436318	-710334.871084	-3932.54287092	270
-6493.02474068	-710325.903334	-4143.36311018	270
24514.9926812	-710315.36171	-4343.84636212	270
54373.7581162	-710293.46729	-3569.48869613	270
112836.951475	-710321.086301	-2607.88879382	270
-108373.6151	-721700.234189	-1477.02192375	1060
1623.43072923	-719216.31229	-2616.79160143	1080
56615.4275372	-720054.651281	-3314.34619126	1090
-413753.417031	-730203.327974	-1690.3697753	290
-383343.065911	-730247.739827	-1755.02114248	290
-353308.510394	-730246.020092	-2332.7404784	290
-325956.608445	-730239.622311	-1772.07582998	290
-293754.423842	-730243.359441	-636.490808049	290
-264465.511524	-730256.190967	-2100.94345693	290
-233434.770898	-730255.044911	-2248.91451405	290
-218306.643249	-724723.851466	-2040.34008778	1040
-203411.631633	-730249.250783	-3152.35312486	290
-174261.727079	-730267.167643	-3126.07751451	290
-144791.400606	-730282.316177	-1070.99150383	290
-113334.702558	-730302.915195	-710.416320741	290
-83315.2695165	-730306.305896	-640.649853459	290
-52916.6718458	-730265.560737	-2213.95688465	290
-23243.7926979	-730232.670592	-3081.34350571	290
6428.06513964	-730206.924496	-3155.12509751	290
37717.4422285	-730260.53786	-4216.19592267	290
66791.076149	-730304.027929	-2870.81500231	290
-363690.633502	-739234.19166	-979.834142998	1020
-53322.0320617	-738527.586365	-2844.86739489	1070
-163312.684788	-740183.74803	-4410.86628399	1050
56623.903416	-747861.868512	-3881.13950178	1090
111622.647454	-744169.583776	-697.055049796	1100
-397403.859759	-750292.54542	-1920.69205312	310
-367478.740328	-750312.013395	-1994.52648916	310
-337408.286672	-750345.369097	-1158.15826408	310
-307976.117241	-750338.240009	-656.486474552	310
-277446.512304	-750302.236922	-686.985595644	310
-247413.378862	-750328.733605	-2203.65925282	310
-217301.967667	-750325.392139	-2527.90610339	310
-157324.401494	-750307.365533	-2654.48020007	310
-127392.337761	-750317.069315	-1063.69714348	310
-97923.1314266	-750310.43886	-2387.36271961	310
-67283.982598	-750312.616564	-667.67114252	310
-37432.939271	-750329.451519	-1276.80961906	310
-6626.14562821	-750305.216922	-2911.26445299	310
1609.23640375	-749270.575476	-2533.55179431	1080
52712.3235148	-750349.26496	-4429.72360821	310
-273357.755934	-757157.629073	-3255.75732407	1030
-408794.679242	-770371.627847	-4009.73247053	330
-379074.272285	-770357.057719	-2535.84738757	330
-363731.95869	-768169.292174	-2694.62454821	1020
-348765.933155	-770280.010951	-2785.81352526	330
-319068.811517	-770346.086923	-2238.40346668	330
-289092.001135	-770341.781473	-2373.97788075	330
-256184.836877	-770315.873389	-1389.67636711	330
-228990.589804	-770301.011676	-1389.22489006	330
-198989.664817	-770298.432361	-1861.33933095	330
-169088.591234	-770282.455355	-3618.67211898	330
-139040.052492	-770281.122123	-1500.97873526	330
-109215.562358	-770291.422771	-1179.57067863	330
-79081.7237413	-770291.377602	-1643.42033682	330
-52651.3582959	-770270.665778	-2359.75079334	330
-19044.8467301	-770264.615173	-3327.45886215	330
43687.486851	-770278.148556	-4881.23049296	330
130239.892187	-770306.509197	-3329.84497056	330
160038.150263	-770256.244852	-4387.10009747	330
-53279.3077421	-774211.120499	-1115.70444328	1070
111627.05389	-774073.560977	-762.420188219	1100
-273361.974969	-787633.053146	-2591.71953113	1030
-218294.791702	-783381.113588	-1535.46784659	1040
-108384.214726	-781762.17921	-3091.48095689	1060
-401993.348676	-789914.518791	-3807.76459944	350
-372613.314045	-789912.291244	-2370.82104481	350
-342594.392797	-789896.944558	-2097.77785634	350
-312601.362798	-789948.935545	-2517.61060779	350
-284684.165581	-789957.600616	-2161.7201415	350
-252508.851679	-789962.508935	-682.436987247	350
-222594.832549	-789966.576618	-944.664428644	350
-164157.318596	-789992.929085	-1448.43596183	350
-163293.258808	-793674.544769	-2601.29794909	1050
-133665.938517	-790005.492779	-505.797619338	350
-103004.277356	-790014.356325	-1243.80683586	350
-72539.0317152	-790017.864061	-2963.07739244	350
-39747.4469686	-790011.799112	-2213.45241688	350
-12755.0106124	-790013.454113	-2660.6311278	350
12032.9232585	-790022.721578	-2036.52856435	350
47534.3761194	-790016.131429	-1543.22778311	350
77604.2044588	-790017.20147	-2907.87388903	350
107681.121758	-790013.686817	-3364.1060057	350
137186.188925	-789997.850639	-3663.84570296	350
-394762.261937	-800269.164951	-5145.8807615	360
-366431.450999	-800190.068969	-2673.89477527	360
-363751.448782	-798353.540829	-2968.54565416	1020
-335498.161998	-800201.347455	-1474.88759757	360
-306652.486037	-800221.719816	-2526.05157458	360
-276147.700546	-800201.513239	-1684.32462148	360
-246780.606396	-800206.759369	-2359.08962391	360
-216253.128545	-800200.993795	-1238.18115227	360
-186732.568288	-800200.949947	-2007.44753408	360
-156389.652028	-800289.764657	-1035.06149285	360
-126389.294562	-800341.69004	-650.456213322	360
-96390.9538871	-800290.531546	-1204.28413079	360
-66462.4579031	-800285.333411	-1553.39428702	360
-53316.4705599	-798867.348651	-3038.69055162	1070
-36711.5403977	-800302.212684	-1650.0498046	360
23663.2940304	-800239.633901	-1275.08544914	360
53549.1635088	-800281.252406	-1698.83004141	360
83614.7031917	-800263.438452	-5056.20048807	360
111633.687179	-803784.748097	-776.233741541	1100
172997.397307	-800299.674268	-2919.87712389	360
-395968.42665	-810404.21426	-2679.41210925	370
-365548.799699	-810352.248218	-2929.29101549	370
-335577.303822	-810373.595526	-1793.66108389	370
-305915.624638	-810388.766404	-2085.43286122	370
-276197.043566	-810395.296004	-2848.77199694	370
-245045.753689	-810333.452262	-2150.5217284	370
-215744.721333	-810305.613059	-3264.69946274	370
-186249.175595	-810293.437194	-1890.6718749	370
-159333.278855	-810315.869792	-1286.3523925	370
-125967.535567	-810338.399584	-1133.66022942	370
-96292.3988001	-810341.319384	-931.413586359	370
-66297.5894107	-810338.383207	-2370.93669422	370
-6418.44401195	-810281.770601	-2481.69497058	370
23810.5459454	-810335.794178	-3017.14645982	370
83805.3571931	-810346.094615	-2256.80878895	370
113861.05449	-810321.910853	-2619.40693347	370
-273346.33131	-816379.724897	-2989.99060045	1030
-409632.709866	-820253.100194	-3023.25838609	380
-377694.463119	-820228.742567	-3630.06874984	380
-349638.991125	-820243.257775	-3454.94587387	380
-319587.102302	-820230.110098	-3466.85886215	380
-289234.513388	-820245.118858	-1199.45629875	380
-257927.435969	-820201.415235	-2312.18395985	380
-229667.007316	-820217.884022	-2833.68846422	380
-199624.963716	-820244.844433	-2024.99379872	380
-169535.965083	-820244.672849	-1043.66854241	380
-163321.178796	-824534.950728	-2307.94213856	1050
-139198.973293	-820260.434533	-1257.32153313	380
-107181.893345	-820244.062195	-909.024902278	380
-81585.614375	-820234.10706	-1510.06796866	380
-16124.6932424	-820220.388507	-4274.71215802	380
7808.30536473	-820130.628075	-2342.23937977	380
40408.6646493	-820075.821296	-4576.4800291	380
70398.4242416	-820090.063844	-3229.38647446	380
160474.300341	-820149.350253	-4276.99724103	380
190321.130766	-820201.087175	-2556.5397948	380
-450554.723525	-830333.199724	-1396.93549796	390
-409627.344976	-830347.407758	-2621.22436511	390
-379765.920693	-830332.051192	-3335.27832016	390
-363762.619382	-828225.746839	-2060.28442372	1020
-349750.309004	-830331.12329	-3660.27705062	390
-317657.563066	-830337.45374	-2280.31708973	390
-289578.724967	-830330.289999	-3199.38012681	390
-257610.029765	-830332.66958	-2224.95122059	390
-229644.9664	-830330.177278	-1791.48889151	390
-199556.524071	-830328.573381	-1133.76782219	390
-169549.396642	-830351.984785	-633.861227673	390
-139622.946181	-830356.799186	-888.113629085	390
-109430.259841	-830337.197091	-1351.16772453	390
-79533.3210044	-830332.630231	-1285.68159172	390
-53356.2301976	-828500.905498	-3170.7396727	1070
-49237.3931023	-830304.42475	-2098.84864491	390
-25323.3506931	-830271.002287	-4174.80490705	390
13220.7141526	-830266.604322	-2981.41303698	390
40474.0889559	-830260.702226	-2922.77031236	390
70628.030515	-830256.261952	-2173.73372792	390
100975.117372	-830246.482761	-3011.08487535	390
111634.292998	-834188.103524	-763.834189934	1100
156021.483778	-830248.736782	-3338.63857407	390
190789.129344	-830247.093984	-3438.50158676	390
220475.490218	-830204.606122	-1858.66331777	390
-490258.036744	-840273.704468	-2498.11352527	400
-460469.394374	-840247.600115	-1896.42307119	400
-369016.791109	-840201.267476	-4497.71809063	400
-340349.18529	-840179.651383	-3016.94042955	400
-311224.644542	-840174.773822	-1324.13308098	400
-280589.78152	-840174.991272	-2160.59415273	400
-250773.0438	-840204.534213	-1239.14484856	400
-221269.669795	-840201.114147	-1208.41040031	400
-193192.585587	-840228.936617	-1355.12244865	400
-161887.524743	-840235.57301	-1133.96148674	400
-131191.958275	-840204.504253	-819.523742613	400
-108413.000614	-841412.837866	-1543.82727042	1060
-101241.64588	-840188.374421	-764.807250915	400
-71403.9209392	-840211.680909	-1707.16048575	400
-41558.9309443	-840236.587562	-4804.45185527	400
-11430.5110791	-840189.678699	-6107.22353491	400
18861.7977496	-840221.203333	-4270.5454588	400
138783.369524	-840185.790846	-4678.28664531	400
168910.970644	-840201.098027	-3784.274951	400
199362.953808	-840219.507443	-3860.81577131	400
-489781.992379	-850245.859847	-1105.19842522	410
-470121.778617	-845556.527366	-749.48146964	1000
-459810.424388	-850125.054074	-2038.80437001	410
-429713.05768	-850248.609201	-2636.4356444	410
-400270.671273	-850303.127768	-4592.01391582	410
-369801.548444	-850315.140122	-6519.70646947	410
-340213.499435	-850292.221646	-4960.40976542	410
-309909.51811	-850318.654304	-2941.17459703	410
-280333.870845	-850235.467379	-2355.65859363	410
-273371.935476	-847079.921397	-3786.42324202	1030
-249931.105155	-850208.923708	-2522.42763659	410
-220278.971499	-850210.308951	-1966.29736318	410
-189808.906675	-850223.911438	-852.167504819	410
-159776.817856	-850244.831153	-760.714178406	410
-130098.067899	-850277.323103	-1154.69365227	410
-100294.441368	-850272.18576	-882.097247249	410
-69937.878054	-850276.681387	-990.842529229	410
-39468.1090624	-850278.425606	-4359.98290997	410
20249.3688796	-850282.676414	-4538.77397442	410
49773.0096842	-850267.038361	-4190.89941388	410
140277.505647	-850186.210053	-3903.87207014	410
170180.236621	-850202.115144	-3319.36093735	410
221689.87596	-848301.265717	-3141.44736313	1120
229503.207396	-850282.050715	-3333.2294188	410
-363764.576179	-858075.416705	-2334.67969959	1020
-163299.277393	-852829.50253	-1308.3121093	1050
-53314.2910582	-859095.402325	-3326.37490219	1070
-141318.694633	-860119.589393	-679.688017367	420
-112172.169366	-860163.695237	-745.023978086	420
-82768.6482903	-860139.20699	-2127.2503661	420
-52212.2550094	-860117.681292	-1810.02316885	420
7809.1898885	-860141.679317	-4540.43134746	420
37866.1890411	-860133.391513	-3642.98610823	420
111612.40958	-865997.91439	-1534.70207511	1100
157761.231498	-860119.74061	-3421.7679686	420
187869.158266	-860218.471703	-3664.4650389	420
215753.294424	-860189.279638	-4051.67822248	420
247440.556046	-860110.767415	-3305.78542466	420
-510990.322594	-870353.04036	-2465.27020252	430
-482684.996646	-870343.855331	-857.053832943	430
-470135.885696	-875541.018116	-1988.69697255	1000
-452782.266293	-870362.8594	-1697.27233877	430
-422532.017247	-870302.420354	-2469.32906482	430
-392589.47948	-870365.249828	-2598.14374987	430
-362517.024565	-870273.971501	-3552.22280258	430
-332473.987501	-870278.362981	-4589.41484356	430
-304627.969308	-870290.665035	-2075.50246571	430
-273210.955497	-870268.828201	-1541.6069335	430
-241789.576514	-870277.189362	-3102.42990708	430
-212574.304166	-870306.327203	-2197.47309559	430
-182392.098109	-870296.40509	-761.016906677	430
-152753.666524	-870294.623354	-809.4145202	430
-122906.57741	-870314.089809	-755.883602486	430
-108404.409846	-871957.728252	-1181.52822258	1060
-62646.0178896	-870322.341734	-931.320678644	430
-1904.18928006	-870288.473129	-3666.58862288	430
82539.7124435	-870296.167145	-4300.94296857	430
207609.686875	-870270.585137	-4311.60839825	430
238295.72238	-870264.652909	-5801.32812476	430
-273360.391319	-877693.763603	-4209.14165021	1030
50664.4137009	-880103.189381	-3352.06323227	440
139917.979596	-880082.33805	-4209.38967267	440
166788.001861	-881766.009368	-4416.61464825	1110
199526.917179	-880106.620391	-3937.89501936	440
-553879.117605	-890254.200294	-716.3508963	450
-523219.156398	-890274.1874	-725.238015747	450
-493904.922108	-890321.937129	-828.10870355	450
-463712.064958	-890338.074635	-1138.28442376	450
-433817.914053	-890389.729979	-1884.35515127	450
-403903.797317	-890404.701868	-3286.71264634	450
-373840.933478	-890356.383813	-5003.86411112	450
-363728.596736	-888155.171527	-3987.97429182	1020
-344034.639372	-890346.120129	-4788.03393534	450
-314232.441848	-890340.726747	-3031.54675279	450
-283805.754126	-890338.458254	-1707.15707998	450
-256424.422066	-890373.206527	-1565.00791007	450
-223758.527107	-890325.930078	-2180.70281972	450
-193805.217705	-890294.562453	-620.474047795	450
-164352.218008	-890300.323824	-999.094726495	450
-163320.478044	-884111.744331	-776.280926452	1050
-133766.331714	-890282.301895	-662.335254108	450
-101469.038655	-890316.185276	-700.894748007	450
-73874.0885981	-890332.428915	-1691.57104482	450
-53358.5753501	-887954.510816	-2759.29553209	1070
-45895.7029384	-890341.888002	-3107.88608384	450
16197.0602993	-890298.507934	-4299.93559552	450
76001.1455277	-890325.734354	-6130.50810522	450
166239.687028	-890328.405514	-4980.73129862	450
196104.862458	-890317.672163	-4014.409326	450
285966.151413	-890296.06332	-2231.85634754	450
111646.836521	-894320.994357	-744.097753995	1100
-470089.118775	-902738.927371	-1296.41621086	1000
-108391.793499	-905314.711695	-2109.95947255	1060
-70048.6588618	-900174.420472	-2018.47753896	460
-42245.8109108	-900126.555335	-3502.87763657	460
19940.0249761	-900122.246841	-2658.09565417	460
49855.51757	-900119.346495	-2248.31518544	460
221689.062778	-907616.596528	-5503.92705056	1120
288888.232709	-900121.78102	-3091.40379625	460
-547467.381898	-910364.672168	-685.381764367	470
-516664.828815	-910376.526095	-777.136248718	470
-486543.778883	-910379.660628	-873.130438167	470
-456788.450845	-910363.224958	-1345.54069816	470
-426839.748227	-910339.115845	-1860.06982412	470
-396818.07738	-910353.50516	-2607.91174304	470
-366627.432366	-910348.537811	-3341.85288071	470
-337093.958867	-910362.087978	-3291.68129868	470
-306061.271328	-910354.885547	-2686.37690417	470
-277550.982696	-910291.333998	-1652.82958975	470
-244536.579433	-910280.467361	-1688.68896475	470
-216786.906439	-910276.465729	-509.239238342	470
-186318.166573	-910274.745329	-820.875634702	470
-163327.840126	-914675.125954	-573.094133315	1050
-127086.599557	-910294.176826	-619.821753141	470
-96813.589101	-910300.981202	-1826.88269033	470
-66981.739963	-910306.274933	-1739.02661123	470
-36967.3386193	-910299.956228	-1247.52587883	470
83096.8709	-910329.689327	-4426.04990216	470
173454.215036	-910333.91405	-3298.08181138	470
201529.47144	-910334.249859	-3009.98642564	470
293097.94351	-910366.434771	-3612.44902328	470
-363727.541672	-918931.446568	-2251.35500477	1020
204732.833187	-920118.403349	-3512.04750961	480
233132.148268	-920114.613277	-3837.81826155	480
264636.388998	-920121.610076	-3449.32451156	480
294524.352793	-920290.723114	-2419.3809325	480
-566586.857578	-930248.747438	-871.035058529	490
-538704.85045	-930160.445183	-1598.10268546	490
-508389.726425	-930191.138406	-708.43178285	490
-478529.717436	-930122.78052	-1309.70417472	490
-448522.736498	-930143.445413	-795.791332946	490
-419679.470006	-930109.872333	-870.120165951	490
-389197.911995	-930139.195224	-1414.73913566	490
-358807.327864	-930123.688252	-1354.48383781	490
-328265.939468	-930153.381045	-3044.09843736	490
-298612.366741	-930150.837312	-4256.71757795	490
-268307.880518	-930171.205068	-3733.01323226	490
-238518.480792	-930197.248349	-1730.7975585	490
-208386.378853	-930172.478114	-1040.05778191	490
-178246.879943	-930148.576993	-1981.73239736	490
-148363.329088	-930120.735156	-858.688354428	490
-118287.105439	-930141.627323	-617.64783806	490
-88573.4013664	-930164.342006	-667.090280234	490
-28446.8929858	-930146.147588	-2050.16870107	490
33190.6409054	-930168.245042	-4677.03857402	490
56617.6135514	-926812.213911	-6772.47436496	1090
61510.0281383	-930148.950302	-4580.9713377	490
169148.087016	-930183.668184	-4487.76240215	490
211535.134954	-930174.706734	-5221.85219705	490
273034.172372	-930155.678047	-3843.19086897	490
301458.116688	-930211.47884	-592.052349799	490
-515197.96617	-939964.137304	-732.200458678	500
-486073.527577	-939953.862016	-1178.91655266	500
-470054.758158	-935458.67986	-1912.91904287	1000
-456000.560893	-939922.963066	-778.407446228	500
-425396.528372	-939947.414086	-1159.67781975	500
-395318.229244	-939992.082771	-672.108941836	500
-365389.395972	-939994.714503	-726.941741883	500
-274749.028966	-939999.895315	-721.244293153	500
-215097.545433	-939995.388453	-673.537817325	500
84639.716147	-939980.963948	-676.763650848	500
221658.838914	-937428.874221	-5228.566699	1120
-545544.456104	-940142.113156	-750.373022408	500
-335371.561325	-940007.203417	-1276.38288566	500
-305885.600547	-940016.369957	-937.325866633	500
-245580.173222	-940012.735357	-639.355346623	500
-185225.368042	-940009.895456	-603.303460638	500
-163311.927127	-946596.864244	-685.726464786	1050
-155379.404585	-940013.023688	-755.965576111	500
-125702.541675	-940021.53405	-591.615696556	500
-95314.7667784	-940027.450918	-1089.00701897	500
-65584.3683184	-940020.335918	-1126.48583977	500
-53360.3927603	-944296.253044	-1934.48203115	1070
-34465.9218801	-940020.852916	-822.724975523	500
-5414.95114558	-940013.340508	-692.102355898	500
24331.8442682	-940041.095343	-561.160899067	500
54909.9861111	-940037.183902	-613.445205655	500
166771.618109	-942069.879011	-3959.7299803	1110
-481672.572785	-950355.27432	-2283.40336903	510
-448286.822773	-950332.554448	-1831.49987783	510
-418283.178609	-950303.106427	-841.719872983	510
-392476.299626	-950340.025142	-2024.89194325	510
-363711.30566	-948795.950143	-2606.00744616	1020
-327895.195115	-950238.726016	-2831.79351794	510
-298598.771647	-950301.449234	-2628.56120593	510
-268076.17434	-950291.5092	-595.908935492	510
-238167.541694	-950328.969227	-1400.64531241	510
-208030.308899	-950284.826784	-2832.31542955	510
-178220.828905	-950261.770073	-773.038915954	510
-148594.565314	-950223.940061	-1323.01640617	510
-88345.6647339	-950243.534166	-813.780346617	510
31169.6039588	-950343.338231	-4275.26777326	510
56613.0465533	-955161.253496	-4111.5911131	1090
60534.4180989	-950255.180676	-3771.65703108	510
92542.0501107	-950192.085924	-4528.45507794	510
151021.647053	-950309.893829	-1414.19067374	510
211500.561535	-950157.42801	-5591.62744117	510
241303.089475	-950238.669113	-3866.09423811	510
273887.91556	-950250.727353	-3537.16123031	510
301639.920219	-950260.543712	-2749.11033923	510
-539102.37723	-960243.578439	-745.04779158	520
-509921.691512	-960222.899529	-970.980297783	520
-477325.098479	-960250.194172	-1421.44716789	520
-449290.38196	-960250.111452	-788.946777281	520
-418998.847902	-960258.924982	-855.066229184	520
-389021.387542	-960262.604898	-1763.4968627	520
-359280.124797	-960273.57794	-2476.02697742	520
-329356.812153	-960269.500956	-1151.88464348	520
-299153.058279	-960276.771442	-1427.26702873	520
-269041.842614	-960258.203316	-1931.70693349	520
-239325.484449	-960206.150783	-914.95858758	520
-208815.373217	-960278.102351	-1188.90197747	520
-178177.031055	-960250.333106	-550.860046333	520
-149060.535322	-960258.462524	-685.849249209	520
-119261.539256	-960252.483265	-959.339306572	520
-89099.3830625	-960278.394858	-649.979354736	520
-58764.1412674	-960264.994649	-711.017589337	520
-29186.3487277	-960201.267392	-665.975061744	520
840.110183307	-960222.682646	-588.153745754	520
32100.8000413	-960224.265936	-610.091355264	520
61046.882289	-960212.830425	-805.505602965	520
91311.621686	-960200.346396	-1773.32348623	520
121221.67445	-960180.455605	-1032.13613885	520
181670.7674	-960187.430904	-992.806945731	520
210943.015432	-960188.817409	-1823.49915762	520
241135.818777	-960188.905666	-1594.03948966	520
272857.959324	-960196.809662	-1363.75734855	520
300870.47414	-960140.307058	-578.682026226	520
-523750.769202	-970212.232718	-768.605167826	530
-494554.24519	-970212.340159	-801.816406187	530
-470062.885155	-965553.083896	-1526.30981437	1000
-463707.538213	-970174.734261	-1297.86484367	530
-433678.884207	-970203.746875	-940.461181574	530
-403650.92398	-970212.420856	-1617.89990225	530
-373763.063073	-970207.756113	-2704.14802233	530
-341269.930083	-970210.90927	-3357.91223129	530
-313560.76616	-970301.326149	-1458.43449699	530
-283764.9381	-970329.416288	-3726.35915511	530
-254599.345433	-970283.514367	-2499.89858386	530
-224102.117645	-970283.816237	-859.918383725	530
-192760.314401	-970240.964996	-1672.63562002	530
-163371.69327	-970212.638297	-497.540083433	530
-133810.89018	-970223.628107	-843.543243344	530
-105506.177298	-970218.703786	-654.784188919	530
-74200.6163186	-970240.982709	-2625.85131823	530
106104.609285	-970224.513649	-2718.66461169	530
136287.845637	-970217.214702	-2422.21984852	530
166213.040025	-970244.557496	-3839.08366683	530
226338.647818	-970200.429928	-2674.76239001	530
260002.75186	-970196.881016	-3447.15014633	530
286817.967248	-970188.435418	-2662.45318591	530
316725.456021	-970203.140391	-1031.66485589	530
-363703.741135	-977495.998033	-2144.28496083	1020
-163310.124709	-974291.196215	-673.574499453	1050
166785.735637	-972102.29678	-5153.70976541	1110
-559562.039826	-980269.740926	-671.52227167	540
-529986.878661	-980269.26421	-1248.12324211	540
-499903.235359	-980258.867816	-1959.97861318	540
-467603.879032	-980265.039813	-1116.50582879	540
-439811.597835	-980247.575184	-1397.35045158	540
-409807.024496	-980251.810508	-1471.6954589	540
-379362.356237	-980271.061567	-2543.49711902	540
-346457.533764	-980281.668015	-1860.53295888	540
-319752.232959	-980270.650786	-1722.64367666	540
-290343.812309	-980240.472868	-3432.52307114	540
-261616.546177	-980214.754502	-2862.24511706	540
-229740.354985	-980205.021319	-2006.67646474	540
-199699.517573	-980199.76654	-3963.48290998	540
-169078.831133	-980208.425173	-786.685058532	540
-139593.363369	-980213.236361	-1130.12762444	540
-109771.846927	-980212.417589	-3037.46403795	540
-79896.2693118	-980256.018766	-3520.04306625	540
-16903.4270934	-980206.421035	-3465.86499008	540
70265.6987693	-980225.287622	-4878.49995097	540
100436.5326	-980211.167791	-5175.54199198	540
111628.461183	-983639.758977	-2094.24023427	1100
250745.865301	-980239.902162	-4335.7548338	540
277140.219154	-980220.563406	-4948.95615214	540
310251.885472	-980220.952434	-3701.30737289	540
-553099.093378	-990234.063916	-535.261621041	550
-525170.90343	-990246.438481	-2670.82578112	550
-494059.142571	-990245.628644	-727.04883574	550
-465188.594013	-990243.87152	-2244.5642699	550
-435116.619316	-990218.252323	-1326.43242179	550
-405021.820638	-990230.268427	-646.595299925	550
-375669.430793	-990236.167243	-2142.73779286	550
-345416.410931	-990240.905106	-1303.87651359	550
-316218.898069	-990233.979313	-1558.43583975	550
-285168.849245	-990232.797338	-2212.52368153	550
-254415.088768	-990241.085641	-2543.83884265	550
-225135.973684	-990245.710991	-4310.6879881	550
-218317.322528	-994354.711643	-2049.54174794	1040
-195822.832976	-990238.36545	-2238.43765858	550
-165146.998981	-990236.589234	-687.988500918	550
-135397.059304	-990255.446979	-511.56670172	550
-53368.7356472	-988383.16463	-2733.95573717	1070
-42904.9809942	-990242.425601	-3319.58681626	550
56622.0218381	-991105.637591	-3579.65185531	1090
104702.424282	-990229.493552	-4231.69189435	550
134797.237332	-990228.831297	-4980.29516581	550
164786.024385	-990252.744772	-3843.96267073	550
194853.8785	-990252.066128	-1394.78339836	550
224869.712342	-990252.932825	-3919.11874983	550
313215.684506	-990262.074255	-3974.23005354	550
344772.895167	-990279.961924	-3063.03701158	550
-556748.304561	-1000359.56705	-1092.128955	560
-526701.649867	-1000393.86768	-2158.6038207	560
-496379.152696	-1000372.8697	-1367.55980217	560
-470098.932937	-996734.715864	-2011.23688954	1000
-466726.811178	-1000272.44215	-1583.99743643	560
-436669.514414	-999373.076226	-1453.64965812	560
-406772.349381	-999268.980793	-1092.94384758	560
-376665.159331	-1000039.57887	-2007.69318837	560
-346976.343952	-1000352.68402	-2379.96873768	560
-316537.688431	-1000333.53873	-2592.92170397	560
-286321.238619	-1000340.90708	-2379.01577136	560
-273370.454531	-997662.115824	-3719.60888656	1030
-256590.762787	-1000328.87833	-2599.8569945	560
-227040.733071	-1000308.80884	-2701.31318347	560
-196685.05295	-1000315.11675	-2432.0597655	560
-167324.720076	-1000297.44095	-1096.92241203	560
-131156.588157	-1000309.74046	-1816.73459462	560
-107013.373371	-1000276.96733	-4380.64912091	560
71978.9372545	-1000396.47917	-2648.44660632	560
103248.856773	-1000404.94425	-2296.02509755	560
166779.565882	-1002209.51315	-2307.49772938	1110
223290.547596	-1000402.03976	-3026.76086412	560
342698.319087	-1000204.95558	-2043.43041982	560
-363715.01203	-1008312.17576	-1655.7808837	1020
-163310.565198	-1004584.23163	-792.002435241	1050
-22139.1009946	-1010310.06106	-3287.61715073	570
4072.21327898	-1010295.64759	-2045.12695302	570
35004.3324031	-1010297.19374	-3130.57961412	570
64772.3786648	-1010280.04387	-2865.63676744	570
124752.078472	-1010297.20556	-3861.09379866	570
154948.698284	-1010276.70189	-3229.43464341	570
184960.946233	-1010245.87895	-1830.01315908	570
215040.415498	-1010215.34263	-3148.82314439	570
244946.023256	-1010219.69466	-3506.12641586	570
305077.288509	-1010200.81324	-3391.50522445	570
335077.772113	-1010197.80448	-1337.55932609	570
1640.29255115	-1019201.23218	-2514.28894031	1080
56630.1268892	-1017265.90997	-2258.2270995	1090
111636.010247	-1014084.32108	-1923.25355214	1100
-520008.883098	-1020117.65494	-1924.06973867	580
-490015.713824	-1020091.46734	-1332.25119621	580
-470161.857467	-1025741.3346	-791.82185783	1000
-461222.407706	-1020115.36395	-1485.76359855	580
-429343.766747	-1020135.98088	-1015.1973388	580
-399857.31488	-1020183.08292	-1267.50263664	580
-373431.739042	-1020158.485	-592.405091553	580
-340049.810825	-1020170.04502	-941.116747979	580
-311019.221865	-1020175.56268	-2463.96169422	580
-280017.536577	-1020165.38906	-2725.40622546	580
-250289.664745	-1020171.28697	-1953.00058583	580
-218333.125347	-1024342.92026	-1185.1655883	1040
-190375.026307	-1020150.27739	-1588.43881827	580
-159688.109985	-1020124.43509	-705.108489931	580
-129637.337153	-1020124.82289	-1431.11374504	580
-100505.233804	-1020151.86449	-2481.00427234	580
-37931.6081155	-1020124.72349	-678.829616867	580
-9933.73959656	-1020117.11146	-1644.5281005	580
19944.8783193	-1020084.89153	-1653.95131827	580
49181.1612377	-1020072.97553	-1044.95743401	580
109856.025789	-1020127.57775	-2471.50192859	580
139917.870226	-1020086.46371	-2610.14833972	580
172554.71694	-1020069.47873	-3077.15771471	580
199819.39973	-1020127.52043	-2502.70781238	580
221648.962462	-1027365.083	-3272.7938231	1120
229916.814807	-1020236.05152	-1720.76481924	580
259874.911828	-1020181.00652	-1894.19479971	580
290058.398736	-1020195.50051	-2877.25955797	580
320026.925235	-1020403.89702	-1932.11386708	580
331735.822348	-1020272.28109	-4342.31279279	1140
-273376.776891	-1030169.75405	-3363.38183578	1030
-222365.91908	-1030292.91991	-1097.32490227	590
-198955.15687	-1030291.05806	-493.371355952	590
-169104.203919	-1030325.13539	-2105.40659169	590
-163319.233182	-1031722.56865	-1074.65424798	1050
-139336.979045	-1030325.20986	-1164.13237297	590
-108817.961061	-1030319.74935	-3039.96015611	590
-78865.0152725	-1030330.10596	-669.84725705	590
-48813.4447391	-1030328.88244	-2999.71911607	590
-18882.3215344	-1030297.24623	-2437.25241687	590
12193.9591106	-1030329.16473	-1913.2453246	590
40457.2919772	-1030340.03973	-2370.79814442	590
71162.7453163	-1030353.14752	-1454.59106437	590
101600.009093	-1030359.49156	-2452.79366443	590
160949.140138	-1030340.3991	-4146.20368635	590
166780.276743	-1032171.26554	-3594.47768539	1110
190654.286943	-1030341.37219	-2972.93281236	590
251295.510321	-1030341.02675	-3779.9853514	590
284413.277097	-1030340.752	-2316.35190418	590
311376.631667	-1030354.29772	-3259.61094956	590
340707.431974	-1030397.21365	-1960.79433584	590
-506087.71439	-1040332.91887	-3734.94018538	600
-479437.330448	-1040314.86158	-1599.49700919	600
-449296.12636	-1040302.50398	-1398.40224601	600
-419568.702431	-1040303.96675	-1484.62951651	600
-389449.93144	-1040297.62972	-681.606054629	600
-363745.403971	-1038340.6621	-1275.81661369	1020
-328943.243193	-1040312.62334	-1256.3589843	600
-301825.111373	-1040301.94179	-769.573339783	600
-269850.655046	-1040302.20587	-2048.02856435	600
-239323.707347	-1040330.23767	-1779.15544424	600
-209752.846986	-1040340.7688	-2430.54853504	600
-179485.741636	-1040352.12121	-2607.92941882	600
-149519.472081	-1040339.21047	-859.198608334	600
-119497.642149	-1040352.84694	-1923.15314931	600
-89635.3879815	-1040339.23568	-1669.40426016	600
-59467.2392109	-1040314.94771	-2231.42066639	600
-26770.5066193	-1040337.63973	-739.864746033	600
527.076178223	-1040353.27359	-1052.23769524	600
33870.4163889	-1040340.41343	-1070.34472039	600
59181.067041	-1040341.56284	-3615.98632796	600
89940.0641135	-1040349.93936	-4725.31472148	600
111646.58523	-1043960.64679	-2616.89287097	1100
120760.935418	-1040361.56461	-3476.88310531	600
145168.880269	-1040364.17626	-3724.25244124	600
181973.78518	-1040376.01101	-3759.86833479	600
212117.018695	-1040391.90106	-3375.74382309	600
240358.728736	-1040383.73941	-5693.74082008	600
269366.703357	-1040361.40846	-4473.57382793	600
300513.075369	-1040387.40818	-5989.56652808	600
331013.094861	-1040441.17835	-2384.43295887	600
359706.091215	-1040372.18122	-1719.37646475	600
-526594.881078	-1050348.4544	-910.87150262	610
-496946.525975	-1050324.53149	-811.489684402	610
-466533.733047	-1050329.40621	-788.970877558	610
-436942.487046	-1050349.27714	-860.360803159	610
-406698.091284	-1050353.47372	-560.460100507	610
-376624.344026	-1050332.83472	-385.193255568	610
-342682.853567	-1050304.50194	-635.408215275	610
-316747.666211	-1050324.50628	-622.845938694	610
-286665.002771	-1050327.08825	-775.644695984	610
-255973.109505	-1050335.04261	-672.056440265	610
-227252.992135	-1050337.47115	-1258.32641594	610
-196676.607237	-1050353.17828	-1387.48510734	610
-166586.213426	-1050331.87097	-758.173437439	610
-53339.8878113	-1049663.73917	-661.491770321	1070
1646.46146555	-1049249.93038	-1110.29633782	1080
62114.4703548	-1050332.92796	-4800.92297343	610
92689.3369158	-1050329.49289	-2884.60777575	610
122795.148992	-1050324.03273	-4248.27509747	610
207093.820618	-1050318.0212	-728.69534365	610
267971.351368	-1050284.22869	-1009.60715286	610
-470176.131006	-1055670.21754	-1412.94482413	1000
-218332.574309	-1054676.16336	-1895.42297353	1040
221627.4904	-1056994.17207	-1176.76831047	1120
-509220.007518	-1060126.59427	-1901.70512686	620
-479081.323607	-1060124.60036	-1647.93236075	620
-449024.562915	-1060094.47809	-1869.89450674	620
-419161.08215	-1060103.82217	-580.257397189	620
-326461.782056	-1060130.2689	-1151.82060539	620
-299163.602448	-1060125.79975	-1170.12563469	620
-269300.218335	-1060121.03615	-1754.65803213	620
-239109.112545	-1060129.74073	-2846.25173327	620
-209029.813936	-1060131.65834	-2958.89619127	620
-179950.022563	-1060119.95393	-2808.34113757	620
-149261.618898	-1060120.61197	-1294.36010734	620
-119088.941128	-1060107.16501	-3022.8115233	620
-89648.4656864	-1060085.8309	-903.439208919	620
-58448.0771943	-1060089.88915	-1144.57993157	620
-29000.0528211	-1060076.66425	-665.308919386	620
755.341233487	-1060075.6992	-1362.19029533	620
30881.0629882	-1060058.8138	-728.865501933	620
60907.5755612	-1060073.04414	-2169.07985829	620
90032.6894615	-1060089.35821	-2636.7684447	620
121111.570333	-1060125.33829	-3538.57744125	620
180790.258495	-1060062.99578	-3072.41890855	620
211408.994037	-1060107.36537	-2199.02246083	620
240826.547631	-1060127.35614	-2765.14904773	620
268653.045673	-1060052.69364	-3660.03085921	620
331014.618722	-1060017.93167	-1949.92038564	620
-540257.755962	-1070311.5057	-2500.14072254	630
-510428.051853	-1070236.49373	-1188.55084221	630
-479690.183127	-1070238.40137	-2835.01860338	630
-450540.328091	-1070247.90334	-1924.91711416	630
-420095.421056	-1070247.46228	-835.584619077	630
-389230.13469	-1070218.20405	-439.394470165	630
-360332.002949	-1070237.715	-705.220703066	630
-330362.498089	-1070242.64	-641.832189884	630
-300331.562109	-1070219.92076	-643.392150822	630
-270233.038854	-1070216.44107	-1155.81704094	630
-240482.531959	-1070212.75692	-1855.49741201	630
-210137.296171	-1070214.86076	-6689.50039036	630
-150508.361556	-1070242.71723	-1585.07080069	630
-120656.13336	-1070266.67926	-3065.79636216	630
-89918.0788581	-1070274.10949	-1257.90012199	630
-57000.9152801	-1070284.57249	-1346.51523429	630
-30598.7683661	-1070296.5504	-678.235600115	630
-314.007129141	-1070276.12394	-869.755316097	630
29664.7173773	-1070245.06967	-1179.95390618	630
59690.3689823	-1070245.06999	-1213.27180168	630
89653.7034723	-1070242.02955	-1056.03570549	630
-447921.090492	-1080020.44666	-2002.42529286	640
-429605.05792	-1080033.59411	-1850.79284658	640
-300300.377885	-1080063.11925	-895.663989192	640
-271256.534637	-1080051.75583	-616.453035943	640
-241484.264002	-1080086.98875	-665.104064884	640
-218325.251015	-1083910.90588	-1567.75192862	1040
-209124.03434	-1080061.6385	-2663.95253894	640
-181562.369933	-1080057.54919	-1942.57033681	640
-151128.88593	-1080046.64836	-2264.79259022	640
-120542.690403	-1080066.85121	-825.083227476	640
-91386.9222621	-1080071.76123	-1535.14954825	640
-60938.7818423	-1080052.24399	-2048.75742177	640
-53345.4362087	-1079290.5315	-1130.80624993	1070
-32052.3041953	-1080088.70027	-2062.96118153	640
-947.809414324	-1080164.3788	-741.117244198	640
28391.2828747	-1080148.34701	-1043.23730462	640
58566.8161817	-1080112.13145	-1095.18996575	640
88952.7873149	-1080094.44908	-1465.68581535	640
119266.297317	-1080079.00942	-2723.5622069	640
178814.10805	-1080086.80689	-1745.58242178	640
211400.869058	-1080110.13333	-3151.2176024	640
238824.144958	-1080145.11948	-2966.75360094	640
298981.478464	-1080121.31225	-4748.90400371	640
358678.891401	-1080117.86615	-876.218212826	640
-507700.135098	-1090320.27802	-1929.30321035	650
-478031.792245	-1090348.448	-2243.5048827	650
-470143.735931	-1085159.68797	-4066.13789045	1000
-447848.18766	-1089216.87236	-3163.37109361	650
-419549.630005	-1087994.52191	-1569.47258292	650
-376578.299339	-1088539.73944	-457.178180466	650
-327711.312939	-1089031.72986	-1094.65025628	650
-297701.749751	-1089328.89109	-714.208642519	650
-273348.841866	-1086636.54267	-1497.89875479	1030
-263721.359884	-1089646.99333	-619.598706217	650
-237872.316344	-1089891.11407	-618.502193712	650
-207825.702786	-1090169.45035	-1726.58630361	650
-181919.793401	-1090422.33834	-2292.95884998	650
-147783.087963	-1090731.80429	-3018.69934068	650
-117833.059801	-1090991.15716	-1951.42348623	650
-87760.644756	-1091197.16118	-927.274694757	650
-57787.9589811	-1091353.11943	-1710.50123282	650
166799.988989	-1091861.58221	-3023.72919908	1110
332057.718333	-1090337.8071	-802.650445494	650
362095.82697	-1090225.46378	-948.368194512	650
-363753.305411	-1096053.21117	-870.131103451	1020
-163317.072348	-1094091.00863	-1840.33081045	1050
-27688.6758725	-1092003.94399	-1292.40070793	650
2110.32270727	-1092674.4289	-1136.95502922	650
32200.1999896	-1092313.73837	-833.909240659	650
59985.8437028	-1092066.7109	-987.201904228	650
125208.980793	-1092505.47002	-4513.84414044	650
152150.370548	-1092564.77479	-4670.63749981	650
181975.283472	-1092651.05633	-4070.92343732	650
211740.924843	-1092766.68957	-4353.57226544	650
241973.014889	-1092865.98754	-3998.03400862	650
272101.394405	-1092962.12933	-4271.73857404	650
-497324.272784	-1100333.7072	-2235.56835926	660
-470506.094044	-1100350.33432	-6902.31567356	660
-440479.738158	-1100369.99316	-2671.03166491	660
-410367.75626	-1100387.84738	-720.341772401	660
-317728.263887	-1100374.86253	-1138.44780266	660
-260593.991456	-1100376.40079	-1001.77402337	660
-230465.731164	-1100382.16595	-2032.75821523	660
-201016.387011	-1100407.85022	-2174.78094471	660
-155060.591969	-1100409.51526	-2356.11152332	660
-110542.489906	-1100377.72002	-1988.75175771	660
-80401.9937184	-1100368.8459	-2675.25843493	660
-50417.8713017	-1100400.33514	-678.994709039	660
-21255.1088008	-1100392.66077	-730.853022342	660
9536.31425962	-1100388.7347	-869.602502377	660
39724.4230902	-1100408.93107	-1051.77065422	660
56605.5473826	-1106971.15213	-1862.62805166	1090
69464.0372391	-1100405.97144	-2609.46612536	660
99647.668304	-1100394.28995	-2585.79028308	660
111653.864473	-1105188.24824	-2657.82767321	1100
129152.1763	-1100416.41966	-4124.23457014	660
159496.449563	-1100422.5911	-1733.22415762	660
189242.479586	-1100417.85807	-1960.80703115	660
219441.146877	-1100392.89347	-2892.46035143	660
250749.31897	-1100383.64764	-1278.69355461	660
279617.641815	-1100402.61122	-4662.6472166	660
339590.186557	-1100360.6471	-2176.15112294	660
369472.59977	-1100344.04378	-1145.60131828	660
-502691.873904	-1110340.05958	-2364.39599598	670
-472992.788773	-1110289.05514	-826.768823179	670
-442898.410094	-1110277.19602	-2472.98201892	670
-413064.30535	-1110269.82849	-2007.71430654	670
-383001.986461	-1110245.99406	-369.078217304	670
-322854.415763	-1110276.69372	-779.852508483	670
-290030.679977	-1110240.77972	-1310.22152092	670
-263061.116852	-1110252.35061	-811.504516539	670
-230552.558213	-1110277.27667	-3060.80505357	670
-218328.172641	-1114254.45283	-1201.10620109	1040
-203030.985571	-1110264.79465	-2847.64040514	670
-173108.306259	-1110286.14959	-2729.21972643	670
-142663.461202	-1110284.3001	-4592.41249981	670
-114072.062941	-1110251.32538	-1440.18316642	670
-82949.6963032	-1110300.14175	-1264.12329093	670
-53281.6852696	-1109001.20108	-2114.38164052	1070
-51603.4616072	-1110274.55938	-679.625669614	670
-22960.6662761	-1110270.25262	-888.615948421	670
1636.89762104	-1109602.91322	-743.287974882	1080
6481.83569367	-1110258.08257	-745.956644509	670
36953.4798685	-1110251.141	-1519.39877921	670
66965.8532222	-1110232.38624	-2529.04719226	670
126545.01035	-1110304.438	-3122.39404282	670
186323.310231	-1110232.11591	-4016.8171385	670
216653.859431	-1110190.99133	-3507.42841782	670
221637.687837	-1112751.62191	-3623.86379378	1120
246955.283705	-1110245.47626	-4516.28666973	670
277123.368959	-1110256.97653	-3887.09152815	670
307318.398209	-1110224.26316	-2879.25799547	670
337058.810164	-1110240.25132	-2257.45968006	670
368761.794548	-1110147.63422	-1728.62358389	670
-502035.29801	-1120249.26793	-1092.46663811	680
-472135.715023	-1120226.67969	-5785.15566383	680
-442067.125398	-1120259.55432	-3287.35253891	680
-412846.719827	-1120280.81052	-1849.18571768	680
-382110.423141	-1120313.03983	-416.746863402	680
-322066.87207	-1120314.48599	-709.119714296	680
-289821.292037	-1120256.3347	-1949.51351308	680
-273355.921642	-1119558.10362	-543.845543817	1030
-262088.680851	-1120236.04707	-5056.17314432	680
-232464.665093	-1120320.60916	-3575.41332992	680
-202096.837522	-1120399.51951	-2300.64754627	680
-172138.616892	-1120237.91859	-2697.01831042	680
-142090.619247	-1120268.86777	-1225.52834465	680
-111852.581417	-1120295.41186	-2125.09074696	680
-82071.2965367	-1120323.02435	-1620.29357901	680
-52202.5454744	-1120344.69709	-726.075793397	680
-22013.472441	-1120231.50365	-729.368219545	680
7772.84454501	-1120230.40436	-777.76436637	680
37397.1360836	-1120304.16555	-930.016198663	680
67850.5681957	-1120341.97401	-993.916601494	680
97960.1843971	-1120285.12143	-867.865313656	680
127938.898962	-1120283.32744	-3430.56872543	680
157941.211394	-1120323.47307	-4540.99482403	680
166791.74848	-1122146.71368	-3391.50292954	1110
186686.148959	-1120333.49166	-3052.8085692	680
247979.605773	-1120347.20222	-4778.96777324	680
274158.796932	-1120340.57679	-5846.36840797	680
308214.852407	-1120343.80105	-4647.65368633	680
338083.170127	-1120432.31234	-2435.30631091	680
368407.165788	-1120387.54908	-2545.74893787	680
-476978.459291	-1130129.84714	-2324.92348622	690
-447096.818152	-1130088.29917	-686.78826928	690
-417143.99426	-1130084.93205	-583.933045026	690
-386988.786463	-1130100.66547	-509.978198052	690
-363765.583092	-1128978.628	-668.755700626	1020
-329484.71282	-1130115.35159	-430.292523144	690
-297064.363255	-1130133.41386	-1116.38946526	690
-266706.810607	-1130115.20903	-1395.76395255	690
-236498.921884	-1130125.76775	-1364.59228508	690
-206963.668541	-1130123.51922	-3100.70089097	690
-177067.594087	-1130114.06302	-1633.39682608	690
-163298.881007	-1124681.76928	-1651.87747793	1050
-147015.314362	-1130127.03863	-2594.0075072	690
-116647.96222	-1130089.55301	-1067.97819817	690
-87129.6994669	-1130085.85929	-631.962806965	690
-57170.8978286	-1130111.66455	-653.435972379	690
-27204.4791838	-1130109.12467	-730.523866851	690
3653.28911345	-1130107.58139	-780.968915246	690
33150.3519214	-1130132.05738	-784.079777976	690
63945.064602	-1130109.53402	-2104.41192617	690
93045.175965	-1130145.61631	-1842.07080068	690
123564.307131	-1130166.7941	-1546.2282714	690
152873.218396	-1130159.91912	-1638.93478995	690
183203.813974	-1130129.83548	-779.94018099	690
210754.96588	-1130114.26552	-1745.70776358	690
272894.957769	-1130138.09786	-1461.51199943	690
302596.878827	-1130128.79585	-1405.94110041	690
333087.168222	-1130135.85501	-1068.03356218	690
-53371.8973099	-1138195.33599	-658.944162732	1070
1645.71182789	-1139165.9717	-847.066235696	1080
56611.6230447	-1136974.10533	-2843.76318346	1090
-500362.12011	-1140228.9261	-1250.37863762	700
-470134.510387	-1145572.92435	-4504.97216778	1000
-439152.283776	-1140293.38447	-1536.41899405	700
-410243.98931	-1140287.29716	-680.792354163	700
-380380.747016	-1140297.28239	-889.727722102	700
-321596.54736	-1140300.67004	-881.406195003	700
-289892.636375	-1140290.10404	-944.194042901	700
-255170.992225	-1140331.20748	-582.314209115	700
-230321.066742	-1140323.21185	-3296.74003891	700
-218350.387803	-1145027.73758	-870.785229427	1040
-199569.154482	-1140337.74673	-4174.37734357	700
-169119.870169	-1140305.15371	-645.000748152	700
-110271.930128	-1140305.07014	-1123.73905022	700
-80335.6057683	-1140312.83053	-1134.31694328	700
-50382.3050782	-1140297.79659	-990.663378836	700
-20103.9562263	-1140310.79823	-727.93841595	700
10356.9088118	-1140311.49824	-1556.864392	700
37895.1702712	-1140322.23107	-1852.49816884	700
70568.2835899	-1140332.54147	-3830.27480452	700
97044.5581981	-1140325.87964	-3183.85546861	700
129641.264539	-1140327.03026	-5413.68644998	700
159706.838893	-1140336.69919	-3099.23046861	700
190949.113045	-1140326.67594	-1675.892871	700
219775.127016	-1140293.97668	-2635.00131823	700
248946.723112	-1140276.89103	-4226.87968732	700
279814.15487	-1140309.15052	-4044.27636701	700
309509.788668	-1140270.72873	-4533.77641582	700
339785.578491	-1140291.68644	-1384.55798332	700
369823.792423	-1140288.73208	-3451.71044906	700
-535876.254912	-1150141.21638	-1374.21289054	710
-507062.53067	-1150123.46023	-452.311391139	710
-477449.920573	-1150147.40786	-470.426711546	710
-447590.067176	-1150125.36809	-711.839472965	710
-417584.641834	-1150085.07314	-730.502130967	710
-387509.085767	-1150155.20607	-496.816868765	710
-327445.821593	-1150139.98353	-774.472332702	710
-297651.107192	-1150144.94248	-1191.03613274	710
-267740.440096	-1150122.34341	-698.561816347	710
-237587.159415	-1150124.48375	-1729.34331045	710
-207304.197076	-1150159.5509	-1885.95007315	710
-163329.974719	-1154593.71234	-2713.85332019	1050
-148311.880544	-1150159.36211	-2366.09671009	710
-117484.547426	-1150171.95208	-2669.14018542	710
-87546.0532853	-1150089.9258	-2260.26389149	710
-57630.2088482	-1150057.0921	-653.47249324	710
-27537.2617347	-1150070.31332	-1280.17291252	710
2339.68801597	-1150043.51537	-786.695624121	710
92504.8357301	-1150030.7775	-1199.22778313	710
122784.347584	-1150025.23048	-1349.04525138	710
152302.876411	-1150018.31937	-1430.28466789	710
182629.772438	-1149999.18707	-1751.68603506	710
211896.009594	-1149997.81073	-1263.98840324	710
221643.08105	-1148978.78725	-854.038590634	1120
243214.009574	-1150021.43108	-966.009148891	710
302606.683119	-1150084.46714	-1670.35781241	710
332429.132583	-1150109.70246	-903.367811106	710
-505584.706096	-1160294.81777	-4004.77441389	720
-477067.11327	-1160263.06832	-1207.52416984	720
-447100.476206	-1160267.42513	-1393.95584708	720
-416296.739348	-1160264.77273	-3220.45747056	720
-385259.008143	-1160270.27497	-1233.25546867	720
-357297.925142	-1160310.06252	-751.935516297	720
-327249.883175	-1160284.66259	-706.544219912	720
-297178.146523	-1160274.77857	-846.567199643	720
-267215.793723	-1160260.38174	-2373.42565907	720
-237014.61958	-1160284.58321	-3840.12524398	720
-207152.98761	-1160281.3976	-3373.77055649	720
-179466.559617	-1160287.46038	-1111.06146233	720
-147231.557523	-1160280.56171	-2626.26225573	720
-116760.584025	-1160272.08539	-1558.21091299	720
-88244.1249658	-1160276.90402	-2596.75791003	720
-57208.6265759	-1160297.32722	-1550.41436759	720
-27408.9892055	-1160295.60085	-1131.6728759	720
2777.69091914	-1160280.68907	-1107.91528313	720
35073.5383465	-1160286.02207	-3237.95964341	720
62632.4815426	-1160284.86212	-4855.98662089	720
92775.2334265	-1160273.9319	-4345.64870587	720
123121.616042	-1160277.97865	-4902.56381816	720
152919.744763	-1160272.41496	-5842.72802711	720
166788.621254	-1159399.07161	-4182.70947248	1110
182767.34577	-1160261.27151	-3823.27622054	720
242850.342116	-1160294.39379	-2319.15316151	720
272818.275013	-1160294.55704	-2609.95428455	720
302848.492645	-1160298.8301	-4490.09150372	720
332777.539713	-1160366.12793	-864.538911031	720
-108339.173667	-1171493.05088	-2346.34843738	1060
-53341.0482036	-1169589.1725	-927.0926513	1070
56639.4655568	-1166861.80147	-3244.2386229	1090
-470180.416201	-1175608.924	-4066.75893537	1000
-273361.606533	-1178380.91459	-4916.66464823	1030
-218329.810327	-1174284.71155	-1894.8576415	1040
221664.046537	-1177420.62489	-2737.92080066	1120
-508563.266553	-1180297.36642	-2303.88793934	740
-478932.47598	-1180327.14921	-4131.3942381	740
-448462.639878	-1180371.03572	-2322.7350951	740
-417702.656795	-1180361.56448	-1143.27324211	740
-388471.641254	-1180375.71076	-1747.5472167	740
-358446.276012	-1180369.53346	-737.943810975	740
-327367.821205	-1180389.5074	-1242.78460686	740
-298888.29511	-1180374.96417	-1162.13581536	740
-268601.429325	-1180368.89505	-2022.44274892	740
-238720.260658	-1180391.50513	-2980.66901842	740
-208632.614434	-1180370.40704	-2848.13466783	740
-178178.696293	-1180344.7551	-4716.91428203	740
-163304.768145	-1184631.24189	-2223.92384022	1050
-150324.618862	-1180334.08566	-2612.55949695	740
-118544.175729	-1180305.98221	-2813.02962633	740
-88554.5853567	-1180317.79681	-1157.60410149	740
-60718.5486164	-1180314.90087	-970.893090752	740
-30423.3433677	-1180338.15745	-1462.18984366	740
30253.2262724	-1180341.58958	-2986.95998522	740
65030.1242208	-1180361.99374	-4416.75385723	740
90802.720883	-1180367.01662	-4293.31335431	740
151439.143679	-1180331.48698	-4920.46660136	740
166775.062364	-1182605.48187	-3102.59333482	1110
211422.688529	-1180380.86295	-2563.20261218	740
241495.675042	-1180369.31406	-2851.74973131	740
271748.011647	-1180340.70982	-3922.96289046	740
301528.551138	-1180342.1496	-3411.13154281	740
331412.792361	-1180348.45729	-857.949914486	740
-363781.437843	-1188340.30236	-792.595782408	1020
1641.23302035	-1195866.17581	-936.429748468	1080
111580.589531	-1194144.93351	-1707.43447256	1100
-474401.442826	-1200319.14765	-4172.59624005	760
-444344.805479	-1200323.90595	-713.495843446	760
-414375.603206	-1200309.38848	-2018.74318837	760
-385025.753233	-1200328.21115	-1754.98120108	760
-354462.394609	-1200334.14074	-1462.06694328	760
-324284.101031	-1200342.99152	-1273.15093986	760
-294718.671792	-1200344.98553	-1611.17626944	760
-264198.776398	-1200352.62202	-3348.51591782	760
-234302.560622	-1200406.38931	-4941.45859354	760
-204203.716567	-1200403.51861	-4082.51601545	760
-174348.893574	-1200395.90258	-5191.60598123	760
-144578.724073	-1200416.01545	-1678.82454825	760
-84178.140693	-1200444.68122	-3438.99462875	760
-25099.4804491	-1200393.07747	-2038.94439687	760
39854.575256	-1200392.78374	-1679.63507071	760
56632.0838214	-1196877.47588	-3108.75622544	1090
65697.0982686	-1200343.54784	-4107.18193342	760
95439.8394715	-1200348.60678	-4464.22944317	760
126006.505168	-1200347.53087	-1504.73081046	760
156915.730396	-1200337.38711	-3149.86511216	760
186265.327476	-1200361.95935	-1085.69858391	760
215734.915505	-1200358.497	-852.807757144	760
245345.668271	-1200358.65344	-3343.44499496	760
275652.360955	-1200333.30741	-741.430041444	760
305648.866192	-1200201.23094	-2246.47895496	760
-218347.59998	-1204049.03919	-647.592236066	1040
-152967.169325	-1210023.2559	-1278.44873039	770
-122986.829796	-1209960.39353	-1255.13446647	770
-92933.3656021	-1209945.31295	-1947.87369375	770
-64076.7822629	-1209937.74122	-2173.89912098	770
-33659.7800406	-1209909.73081	-1364.75567619	770
-2916.17918764	-1209927.74124	-832.00075331	770
26947.5511227	-1209934.4883	-976.093109063	770
53574.8053947	-1209917.74524	-1374.78657218	770
87319.2419126	-1209929.59973	-1560.17138663	770
117344.797507	-1209923.79395	-1995.32543935	770
148574.085645	-1209941.8053	-2324.40408924	770
177398.819975	-1209970.09216	-909.562978075	770
207177.696263	-1209963.88438	-811.729961992	770
221659.559885	-1207425.59979	-1308.96152336	1120
237144.9119	-1209958.83588	-966.945238931	770
-363749.391737	-1218062.09366	-1487.22534171	1020
-163318.038286	-1214792.28524	-4798.6743162	1050
166787.435601	-1212312.20228	-1525.4746337	1110
-473883.203644	-1220395.68257	-1089.90334465	780
-443813.275533	-1220393.3357	-831.481911862	780
-413346.084826	-1220389.15122	-3355.31008286	780
-383786.820689	-1220389.91072	-2536.85080554	780
-353741.980626	-1220388.71973	-2104.86188954	780
-322790.131026	-1220385.60897	-3491.63542465	780
-293977.778945	-1220366.0117	-2822.46071764	780
-263889.003918	-1220358.42911	-4097.00090314	780
-233935.749492	-1220351.84999	-3627.88940414	780
-203993.499849	-1220361.18966	-3652.24853499	780
-174045.171147	-1220325.92049	-2785.92810045	780
-144467.938744	-1220330.65536	-3904.15107405	780
-114001.371322	-1220358.50496	-2803.82055651	780
-84832.5398077	-1220366.91947	-2120.86064443	780
-54013.6886923	-1220337.70302	-1617.75637198	780
-23759.1345467	-1220344.69617	-785.139914292	780
5679.97985281	-1220372.13838	-1375.57021476	780
35714.5675097	-1220372.21782	-3925.26479475	780
56677.8854001	-1226726.87267	-5324.65388161	1090
95196.8946927	-1220383.08709	-2825.27802722	780
111614.163433	-1223867.14524	-763.483719269	1100
156317.247316	-1220376.53046	-3020.40341783	780
217099.1623	-1220380.17386	-3514.60473617	780
246640.046005	-1220395.72793	-1651.65756827	780
276268.026626	-1220387.53055	-366.038507033	780
-470182.415403	-1235733.04597	-4032.8928221	1000
-218316.698637	-1234409.8484	-1058.71196282	1040
-152635.516593	-1230172.88167	-1273.02546379	790
-123787.807971	-1230164.56371	-2154.43515614	790
-108354.483902	-1231924.96604	-6832.85102512	1060
-92376.3865711	-1230146.94918	-1118.3496093	790
-62312.8898419	-1230161.20704	-860.436968929	790
-53386.1834576	-1229644.14914	-2075.88847646	1070
-32496.8829527	-1230176.91779	-1772.39855947	790
-2575.03822088	-1230153.2936	-851.009659916	790
27565.3355253	-1230157.71687	-835.895682219	790
87690.3690657	-1230185.88401	-1492.86416007	790
117750.336018	-1230192.0366	-915.894470148	790
147570.920101	-1230202.2108	-1956.74401845	790
177475.988701	-1230195.79464	-1977.45223378	790
207627.051276	-1230188.50827	-883.958604898	790
237646.169522	-1230222.97862	-718.044340172	790
266380.36421	-1230204.11169	-389.948107862	790
298101.893433	-1230203.62465	-350.158569289	790
-273369.872197	-1238972.52437	-4887.5605955	1030
-231532.995588	-1240352.1145	-1763.91957998	800
-202789.115281	-1240400.9656	-2603.17022692	800
-113053.631411	-1240375.54623	-1923.06948232	800
-83049.3720966	-1240369.61822	-1410.76759025	800
-51594.5371593	-1240410.42121	-1569.79403067	800
-22582.8007805	-1240451.88467	-935.9614013	800
5960.50583804	-1240435.61312	-815.87243889	800
36764.0378179	-1240463.74841	-3227.15673813	800
64983.3300843	-1240410.19122	-1671.3168334	800
97035.9168569	-1240431.59675	-1721.51192617	800
156838.798521	-1240484.78485	-1512.52017813	800
166779.209526	-1242967.58912	-2275.85155018	1110
217683.725185	-1240415.43198	-2464.75288074	800
221624.634182	-1237151.7509	-3127.86650376	1120
244692.954598	-1240368.06111	-863.676248652	800
276382.490899	-1240416.22848	-744.039257752	800
306920.356095	-1240359.45333	-334.910559036	800
-238681.915531	-1250235.63435	-1758.63961172	810
-207752.878495	-1250302.27059	-3324.7077147	810
-178552.974658	-1250317.06985	-2878.19477525	810
-163337.034904	-1247980.7343	-4424.45109844	1050
-147197.207657	-1250330.27942	-3289.10434555	810
-117906.623873	-1250301.79846	-3599.00341781	810
-87672.5786401	-1250315.44622	-2908.09753404	810
-57669.1118895	-1250283.76238	-1220.46977531	810
-25929.5578987	-1250320.43672	-979.162103203	810
2229.33139372	-1250304.21657	-1519.64487296	810
62489.8064683	-1250273.82798	-1562.51455069	810
92511.2712659	-1250317.23569	-3612.64665511	810
182259.432677	-1250316.76207	-1678.93793936	810
211631.669823	-1250298.36711	-3610.37939437	810
241830.709675	-1250294.27904	-1807.52532949	810
270975.01759	-1250277.02004	-1501.76123038	810
-53388.6799096	-1259728.25102	-1484.49399406	1070
1630.35074004	-1258968.18561	-3326.58349594	1080
56676.777206	-1258899.58126	-832.249633725	1090
111535.148454	-1253347.92232	-2555.73398425	1100
-218336.158548	-1265129.36291	-1078.39194329	1040
-210439.212611	-1260338.91288	-1452.23668205	820
-187906.194137	-1260353.65773	-2397.60617664	820
-157024.877747	-1260337.98532	-2752.02248522	820
-108316.234687	-1260324.7454	-6364.11403783	1060
-98089.3771131	-1260310.42002	-3463.12487778	820
-67823.1534787	-1260327.73796	-2069.3680663	820
-37555.0223131	-1260322.75797	-1721.68295889	820
-7883.69998294	-1260323.55557	-1996.54384755	820
21986.7474072	-1260324.98378	-3476.62551254	820
52617.913719	-1260326.42363	-2180.39708241	820
81112.1681987	-1260289.00962	-1677.98571768	820
112189.015305	-1260303.27283	-3459.27783187	820
142584.9431	-1260315.71669	-3885.13627913	820
174041.756336	-1260290.33419	-3967.98979475	820
202019.584453	-1260281.54793	-4109.06791974	820
221671.713719	-1266289.3119	-2353.08789051	1120
231882.265971	-1260347.53921	-4233.33359357	820
261886.506046	-1260376.56995	-1781.29832754	820
-187864.109058	-1270281.32289	-1807.53562002	830
-156914.974349	-1270178.64675	-3807.41137678	830
-101228.61396	-1270269.91177	-2492.53704822	830
-72440.1883416	-1270293.44989	-2625.35488269	830
-42781.3863728	-1270296.88256	-2310.23466786	830
-12452.1302484	-1270295.90534	-2369.60961902	830
17320.1450988	-1270297.46213	-3166.89978013	830
47747.2478335	-1270281.51732	-3036.32133775	830
77430.6955813	-1270256.27946	-2369.13983143	830
106092.445657	-1270268.13812	-2731.62316882	830
137719.249926	-1270304.69806	-3479.67446273	830
166222.503791	-1270291.58936	-2474.53122546	830
197698.781248	-1270309.06833	-1663.70234366	830
227407.231822	-1270308.16579	-1434.86267082	830
258047.01352	-1270312.70846	-1862.73601065	830
287868.004764	-1270287.1478	-595.159252875	830
317785.433384	-1270332.50102	-1304.1471923	830
-127090.072851	-1280202.82565	-3110.07407212	840
-97258.442198	-1280218.08854	-2090.38134755	840
-67187.8858898	-1280232.9789	-1907.3782958	840
-37452.9643195	-1280217.46774	-2990.99427477	840
-7177.14885532	-1280199.12489	-814.676693985	840
23328.476049	-1280206.79879	-1634.3133544	840
53147.6753818	-1280210.73289	-2784.37286364	840
85037.1238635	-1280194.09364	-2393.22897938	840
112787.104337	-1280174.166	-2211.42697743	840
141453.084112	-1280197.14596	-2849.21252428	840
173148.949179	-1280227.07932	-2610.86501452	840
203695.889246	-1280225.32269	-2383.75311268	840
232782.501643	-1280183.41008	-2910.2418944	840
262778.696627	-1280138.98039	-3065.68261705	840
292765.02202	-1280240.52469	-611.82004389	840
323226.460447	-1280273.65081	-1281.34296867	840
-140926.808646	-1290351.98232	-1660.01728506	850
-108333.731809	-1291800.79004	-3871.99018538	1060
-104484.784516	-1290341.85561	-1595.52496329	850
-72749.6409731	-1290323.87611	-1606.42248526	850
-53408.120068	-1289780.03822	-1705.30644522	1070
-45550.9611333	-1290315.85942	-1251.90234367	850
-15156.5366246	-1290336.5138	-2420.70895984	850
1640.20265816	-1288581.02945	-3350.11547836	1080
15495.1791683	-1290346.77884	-827.386786198	850
44560.6837771	-1290322.89129	-1046.69567864	850
56652.742444	-1287021.76042	-3578.86821273	1090
75306.0084338	-1290333.07307	-2724.57647692	850
105672.969449	-1290316.44743	-1769.14916982	850
111555.130848	-1284129.13072	-1315.07604973	1100
195513.87595	-1290309.73319	-1835.58251943	850
225494.350744	-1290322.52439	-2365.44433582	850
255563.811	-1290313.58482	-2375.79162586	850
285538.153803	-1290297.74737	-411.607910107	850
221657.60589	-1297377.01433	-2492.12622058	1120
-108366.513923	-1300333.22682	-2008.59643544	860
-79575.1449881	-1300282.89345	-1897.62676992	860
-19784.7838093	-1300293.84986	-2920.49394518	860
10324.6696969	-1300283.51494	-1517.33431388	860
40002.2978998	-1300280.94573	-1573.0482543	860
70654.1343746	-1300278.82696	-3532.71801742	860
100319.424868	-1300272.93359	-1874.84326162	860
136576.524571	-1300253.55099	-5208.61879861	860
161132.347176	-1300215.4122	-1482.0604003	860
166771.388072	-1302034.26396	-2169.4578246	1110
190585.498419	-1300201.93264	-1301.59663078	860
215598.178125	-1300230.88966	-2400.81800526	860
250365.606249	-1300199.85354	-2919.51126695	860
-76156.2562993	-1310221.54046	-2652.16680895	870
-46301.1167629	-1310207.67521	-1366.97526847	870
-16357.6464307	-1310225.46654	-1951.86518544	870
13707.443063	-1310265.90247	-1815.75827627	870
43540.0561744	-1310310.56151	-1897.9637206	870
73753.4179689	-1310264.97727	-1939.01191396	870
103632.122912	-1310241.7288	-1619.66240226	870
111548.476307	-1314176.90309	-2458.1788573	1100
133674.869096	-1310205.07269	-1119.32554924	870
163849.239375	-1310232.34768	-974.189184502	870
193646.474008	-1310244.84245	-1191.87071526	870
223286.36653	-1310223.42463	-2620.57153308	870
253674.13461	-1310184.94295	-1394.88562003	870
-88876.8534916	-1319296.95604	-2199.45954579	880
-59911.9413689	-1320320.36811	-1336.87177727	880
-29543.7419992	-1320305.25793	-1575.93439933	880
1600.47826417	-1318578.92507	-1422.78437492	1080
30524.1291527	-1320296.97428	-3104.84020982	880
56623.2005792	-1317070.73894	-1436.53247062	1090
60480.4087619	-1320293.95358	-3157.77539048	880
90498.6515601	-1320301.56845	-1791.57061758	880
118466.68644	-1320297.46051	-2040.90229482	880
150163.411797	-1320307.8151	-897.571484309	880
180370.015417	-1320308.97463	-960.877966241	880
210000.052446	-1320390.76163	-1964.95336904	880
239418.54508	-1320370.71716	-2646.18149401	880
-24118.4581673	-1330189.55429	-2810.06616198	890
5963.88609542	-1330206.08246	-744.081978122	890
34515.1535377	-1330216.7154	-2179.38078603	890
66012.9620297	-1330232.39383	-2609.25753161	890
97404.6058699	-1330222.63446	-2063.79587391	890
126023.827258	-1330226.02174	-1563.6548339	890
154775.275845	-1330213.82676	-1225.26376945	890
166775.994794	-1331988.92482	-1162.59394524	1110
183957.268612	-1330173.33012	-2248.75548084	890
216038.811607	-1330176.5861	-1700.29638663	890
221671.723134	-1327357.77898	-1692.04724112	1120
1601.21653316	-1345905.94041	-1308.65698234	1080
8419.17881613	-1340322.70288	-2219.44663075	900
43114.3874845	-1340319.201	-818.413931427	900
56695.759703	-1346817.20339	-1877.20235586	1090
73061.4691548	-1340354.24827	-1614.86885977	900
102417.441036	-1340354.43348	-1948.89658193	900
111614.088016	-1344102.71464	-2612.4226073	1100
133123.178557	-1340393.6547	-1211.54139397	900
163212.580477	-1340386.82051	-1170.15963127	900
193264.540601	-1340380.74433	-1495.23361808	900
223149.458248	-1340364.77361	-2175.45411366	900
32433.611744	-1350369.05846	-1165.57836907	910
62424.7654432	-1350427.89035	-916.053857355	910
92659.903408	-1350370.30603	-2081.87822255	910
122634.795531	-1350411.42561	-4182.78129865	910
152762.4481	-1350424.96106	-1912.19641103	910
180833.781324	-1350440.45028	-1488.93392325	910
213102.71302	-1350397.98506	-848.580222989	910
242303.636936	-1350329.68418	-1820.63295889	910
272565.757792	-1350363.02201	-359.342431594	910
166763.735228	-1361180.41889	-1914.94370107	1110
221670.408404	-1357831.79923	-2148.25048817	1120
56731.4836996	-1377217.85306	-1520.29677725	1090
111414.70335	-1375089.0521	-659.147046888	1100
