-304108.971527	-460371.537151	-2685.73188464	20
-267971.974855	-460407.235274	-1715.1876708	20
-231608.339179	-460418.247312	-2231.65599354	20
-196132.886064	-460371.730975	-615.836205999	20
-277681.95659	-490263.406109	-3785.70859358	50
-241817.951757	-490241.787147	-2521.55202625	50
-206814.72982	-490220.360717	-1534.91286612	50
-169635.828339	-490248.991507	-2838.54663073	50
-251696.0389	-510209.492982	-2932.99851061	70
-216172.826916	-510139.747781	-1195.63306877	70
-180168.509777	-510325.107947	-1612.59881583	70
-237855.857028	-520320.343405	-3018.56524644	80
-218322.559862	-517332.655311	-807.918395252	1040
-201917.736335	-520362.807403	-2005.96434316	80
-166457.449029	-520260.984883	-2977.03537584	80
-163335.249167	-527366.827958	-793.182464537	1050
-236504.085006	-540364.762138	-2515.70882556	100
-199602.492304	-540496.442873	-2854.62933336	100
-163744.513603	-540117.598953	-2509.9956908	100
-232962.713412	-550273.358991	-2428.48991687	110
-218322.275604	-555093.209442	-757.836584047	1040
-195101.468905	-550263.648634	-3590.99028304	110
-159807.147388	-550290.084389	-2669.24350573	110
-124210.738527	-550243.776859	-1898.99749746	110
-163338.487524	-563347.463501	-1083.99843743	1050
-250726.785821	-569619.800263	-2016.62573232	130
-215032.936035	-570301.161999	-1933.31700429	130
-179029.348261	-569868.454215	-1968.28146962	130
-143447.460515	-570168.029381	-2451.54495838	130
-253783.173904	-580287.877077	-1605.29931632	140
-217609.841837	-580290.211827	-1389.62424308	140
-181642.778502	-580258.477143	-2704.267578	140
-145743.392334	-580310.912204	-3336.11157212	140
-109722.444746	-580298.240438	-646.715929384	140
-218328.968734	-589423.261451	-1891.76118154	1040
-220469.217554	-599873.610572	-2814.11145006	160
-186826.860868	-600073.466632	-2751.85957018	160
-163340.995521	-602053.157394	-2844.43627916	1050
-149261.108513	-599731.799021	-2272.87578114	160
-111283.954781	-600277.981948	-3073.4052733	160
-78459.0642936	-600288.245999	-770.912713562	160
-108416.14394	-604911.561443	-2902.46374498	1060
-45654.6080461	-619918.347927	-2159.73168934	180
-225672.552103	-620544.143838	-2754.19482409	180
-218330.673272	-625149.372779	-643.493703933	1040
-189809.460237	-620571.80659	-1788.60510244	180
-153991.535774	-620406.761808	-2113.25136708	180
-119824.642094	-620183.045433	-1928.61694326	180
-81623.6346142	-620001.380587	-1124.79028313	180
-53369.7122172	-621751.607954	-2141.02889393	1070
-233917.70098	-630299.565667	-1753.20567617	190
-198312.430701	-630313.694643	-1049.79882805	190
-162648.827197	-630346.214116	-782.934667907	190
-126654.359491	-630352.922269	-945.537805108	190
-90322.0513753	-630354.018443	-1191.55803215	190
-54656.0486032	-630345.727457	-1738.80908194	190
-22494.8549111	-630347.821417	-2175.26673573	190
-250359.203841	-640263.913296	-1927.0097167	200
-213604.23638	-640240.075205	-1405.82830802	200
-178951.725029	-640265.031132	-2108.54106435	200
-142028.757788	-640283.271338	-1183.91253655	200
-108401.153141	-639956.459049	-1851.85732412	1060
-105820.332567	-640266.820835	-998.11168206	200
-70366.3357158	-640255.405627	-1307.80468742	200
-34908.4982033	-640255.160602	-3953.27270491	200
2047.33103868	-640272.716674	-1284.69345695	200
-233908.765404	-650312.827712	-1063.91782219	210
-202240.197447	-650335.335319	-1437.78527824	210
-161614.539188	-650346.787065	-822.998077329	210
-125687.687047	-650329.527382	-1530.19561759	210
-89592.1397124	-650336.55517	-2067.73995351	210
-53636.4440145	-650312.041205	-1525.57468253	210
-17679.0239345	-650299.318873	-3363.93642563	210
19725.5079443	-650305.04795	-3172.15502915	210
-53340.8671808	-657836.533759	-1522.63627921	1070
-218336.780286	-661338.010039	-1684.99395743	1040
-287466.722273	-670328.775853	-3232.46357407	230
-256403.114881	-670240.213331	-2230.397412	230
-219444.167067	-670250.351379	-566.769250397	230
-183552.829067	-670276.992227	-2007.17817372	230
-163320.06253	-674734.921972	-952.938445977	1050
-147548.293102	-670258.090438	-1046.36364739	230
-111618.988283	-670263.850858	-1001.825122	230
-75400.5862053	-670277.08802	-870.794042904	230
-39594.3108774	-670247.333472	-2351.01710193	230
-2941.12114287	-670259.836773	-4187.89279767	230
32543.0099978	-670261.934247	-3335.95283188	230
-108395.592611	-676973.229998	-1486.63232413	1060
-338008.444407	-690243.468035	-817.064868101	250
-302232.578633	-690258.987458	-1871.02341299	250
-266273.566043	-690274.814931	-4612.63964824	250
-230268.078974	-690288.308918	-4268.18359357	250
-194517.643582	-690283.104896	-1363.67225334	250
-158147.378605	-690279.616432	-671.41588129	250
-122234.6807	-690313.445088	-825.470788511	250
-86291.7262304	-690308.013393	-613.318391999	250
-53344.647692	-689780.751916	-2067.06103505	1070
-50228.4161085	-690309.598387	-2262.43640125	250
-14092.6987434	-690338.893435	-3048.06713853	250
20695.0185147	-690324.368178	-2332.30556629	250
56637.6848447	-690056.341515	-3740.87658675	1090
-218313.814107	-697262.836236	-2106.99915761	1040
1626.70553677	-698742.004739	-4033.67343733	1080
-163322.245841	-704379.082508	-1595.34079581	1050
-356395.113008	-710359.8045	-1408.65211173	270
-320715.741194	-710425.184341	-1302.19970695	270
-284484.136617	-710334.552959	-1325.59260246	270
-249086.044526	-710301.436246	-2321.28834217	270
-214980.590471	-710302.537627	-2945.62805162	270
-176800.317602	-710326.104438	-2164.19838856	270
-140983.946483	-710347.087482	-732.910925233	270
-108381.118076	-713102.2103	-1464.9675048	1060
-104669.258028	-710336.362224	-728.144604432	270
-68748.8809398	-710288.038676	-641.003642692	270
-32710.8849768	-710333.959491	-3825.82861311	270
3296.08158906	-710314.166164	-4684.1954832	270
38845.270178	-710311.136814	-2481.89608142	270
112751.301303	-710320.623179	-2230.88243397	270
-410952.518494	-730198.397575	-1706.4192626	290
-374306.752525	-730267.869198	-1789.97768545	290
-337571.256438	-730247.180577	-2386.35034168	290
-302080.655189	-730240.797414	-660.413305607	290
-268183.998379	-730250.216369	-1874.7874999	290
-230377.014598	-730252.212683	-2375.31892078	290
-122319.543258	-730300.211309	-759.449108826	290
-85848.4057371	-730302.024947	-643.840685978	290
-53330.1471436	-729373.396722	-3228.5375731	1070
-51012.6259257	-730257.989496	-2235.02597645	290
-14246.7371189	-730218.662441	-3100.15291734	290
20283.533451	-730243.149905	-4045.37832014	290
57519.4015321	-730289.606867	-3069.06137681	290
-218301.475372	-733519.348461	-2028.65505361	1040
1610.87181249	-734329.737346	-1985.79147939	1080
-363681.196734	-747126.522673	-1447.1961547	1020
-400299.348855	-750284.903541	-2045.33720693	310
-364483.867247	-750314.247477	-1922.35371084	310
-328531.950024	-750352.230381	-1086.34392083	310
-292409.454745	-750316.718571	-589.297320502	310
-257502.133557	-750317.967653	-1532.02363272	310
-220213.543372	-750324.956265	-2510.07050769	310
-184196.339655	-750318.787199	-3347.95166001	310
-150387.637691	-750306.591506	-1253.05722648	310
-112364.97097	-750314.591294	-1202.52237541	310
-76416.4888906	-750311.940526	-672.593200626	310
-40574.2343033	-750331.199002	-1349.57509757	310
34753.7172973	-750352.885943	-4570.71118145	310
65525.6977477	-750345.103741	-4365.52607403	310
-218293.613096	-758928.373354	-1378.547705	1040
56619.2261717	-762080.200206	-3718.77131331	1090
111631.261939	-758196.92381	-700.234787988	1100
-412665.768764	-770376.210271	-5042.38952616	330
-381992.644233	-770360.61851	-2537.10100085	330
-346072.889096	-770272.267254	-2496.52301013	330
-308899.022873	-770343.305863	-2860.35223375	330
-274019.62164	-770327.944501	-1671.26571036	330
-239158.60108	-770299.740498	-1365.47622062	330
-202059.960446	-770300.485691	-1874.65576162	330
-166083.561475	-770283.576628	-2784.00151354	330
-130055.60374	-770277.554377	-1214.62949211	330
-93997.522413	-770287.943338	-1442.63721915	330
-53280.8756324	-765840.297189	-1149.01572258	1070
-21972.2859821	-770263.620043	-3359.48701157	330
49459.3352282	-770285.300347	-5325.94140603	330
121727.104309	-770315.808914	-3474.73837875	330
160038.150263	-770256.244851	-4032.51279279	330
-163300.125736	-779340.473364	-2691.27148425	1050
-363742.658487	-783148.490789	-2621.82047107	1020
-108383.942412	-784500.75651	-3112.4636229	1060
-387061.188861	-789915.149632	-2399.72351062	350
-351649.903349	-789897.937383	-1945.92988271	350
-316196.985136	-789938.468119	-2613.47832019	350
-279628.875513	-789953.05288	-2154.40909413	350
-245800.265137	-789966.690147	-862.410021908	350
-207168.252899	-789971.445725	-1026.4950927	350
-171352.155749	-789987.232185	-2268.20169666	350
-135784.452754	-790005.167246	-526.940904787	350
-98400.8135152	-790018.902844	-1497.27666007	350
-63782.0228927	-790010.630618	-3736.29521468	350
-27545.8899228	-790011.306703	-2055.86687001	350
12032.9232585	-790022.721578	-2044.3074706	350
43658.9421554	-790019.041218	-1454.70069572	350
77604.2044588	-790017.20147	-2933.90328356	350
111633.614173	-795347.918474	-776.183392716	1100
116169.013172	-790001.83579	-2934.14423814	350
152584.802531	-789997.068957	-4145.85971662	350
-414502.328957	-800264.789829	-5416.70410134	360
-379368.158438	-800225.287955	-3517.07905258	360
-345380.356737	-800194.847591	-1381.4523925	360
-308392.984917	-800221.361941	-3045.10205064	360
-273469.686093	-800202.851601	-1759.22358389	360
-236154.655057	-800204.52454	-2575.59843738	360
-201048.361352	-800199.191973	-1330.50476066	360
-169215.790536	-800212.104396	-1066.58446038	360
-129158.250807	-800349.710254	-671.642425479	360
-93818.7669217	-800291.492597	-1079.85766594	360
-57416.4199844	-800276.55583	-2268.89617909	360
-21445.5728791	-800303.549818	-1360.75109855	360
14923.1306467	-800229.577922	-1238.7176757	360
51192.8826685	-800280.447077	-1688.32006827	360
86938.9198874	-800266.825817	-4754.61279277	360
121871.967909	-800234.442716	-5400.14636208	360
196589.737321	-800287.403232	-2919.60518785	360
-414004.800838	-810368.107526	-1918.93950185	370
-379111.469791	-810349.548712	-3618.53642562	370
-345255.836094	-810375.404616	-2508.09616687	370
-309219.126502	-810377.682971	-1846.72228994	370
-273303.557291	-810386.65238	-2858.61823717	370
-237247.073095	-810331.54983	-2013.30623769	370
-201045.776082	-810306.402604	-1895.80600576	370
-165221.555724	-810311.887914	-1301.42199699	370
-129983.847009	-810340.438488	-1180.02172844	370
-93285.9314142	-810339.754637	-912.756341486	370
-57240.1809117	-810332.417016	-4385.7484129	370
14824.5558349	-810310.70999	-2556.13747546	370
86797.417977	-810343.946637	-2490.78913562	370
122326.981687	-810316.805842	-2792.20849596	370
-470083.754256	-814443.125153	-712.342024612	1000
-363761.441585	-818894.462235	-2177.57983387	1020
-163308.072171	-815018.180374	-2444.62315662	1050
-420665.667009	-820266.751118	-2701.04858386	380
-394557.219944	-820244.049441	-3132.96608872	380
-358776.503725	-820215.216169	-3233.86455063	380
-322606.097351	-820234.871178	-3706.9294432	380
-287218.66301	-820250.091154	-1176.55756828	380
-250556.902205	-820212.171753	-2547.48513171	380
-214607.421833	-820229.754519	-2553.15196521	380
-179641.519416	-820253.593554	-1550.49049063	380
-142433.261616	-820258.779716	-1207.20266106	380
-108399.863523	-822510.303454	-1536.91204825	1060
-107181.893345	-820244.062195	-1021.48087151	380
-70634.7228409	-820223.424212	-1506.39777823	380
2496.03552724	-820163.199992	-2362.61501453	380
37315.8468467	-820075.347291	-4367.70507794	380
73449.1126868	-820094.797791	-2738.82299792	380
145374.480732	-820130.408834	-4313.04150372	380
180711.149225	-820186.351845	-2045.98220204	380
214311.95885	-820334.916714	-3061.33046861	380
-430421.289736	-830339.570991	-1565.50196524	390
-394949.141276	-830347.596338	-3023.42139879	390
-358544.857552	-830324.577018	-3403.28544907	390
-322560.339231	-830340.247311	-2340.27154529	390
-284865.699254	-830331.044913	-2416.80234363	390
-250583.803214	-830335.750268	-2635.09453112	390
-214587.31217	-830316.277945	-1521.03974601	390
-178606.963486	-830344.725986	-1042.26098626	390
-142584.927956	-830355.568413	-637.866254178	390
-106546.232452	-830334.49085	-1269.1567382	390
-70812.1069514	-830322.114549	-1380.64374992	390
-33952.778706	-830272.482132	-3069.91381822	390
1545.86923765	-830267.439486	-3771.90747054	390
37358.2121945	-830262.89574	-2924.59831529	390
73694.1116617	-830256.872523	-2221.84680165	390
111638.827602	-830522.278734	-766.017251298	1100
181295.038005	-830242.450394	-3357.68056626	390
217338.718644	-830213.419908	-2055.35170888	390
-452484.745732	-840247.122072	-1637.17901602	400
-380065.879233	-840198.705605	-4488.59423809	400
-340349.185289	-840179.651383	-3024.06542955	400
-307940.109446	-840166.047953	-1344.50195304	400
-272058.778219	-840185.772931	-3226.73925767	400
-236247.021362	-840197.994972	-1407.23251945	400
-198389.250357	-840221.555624	-1019.02763665	400
-164188.381454	-840232.88478	-1135.91353752	400
-127946.444569	-840202.083566	-853.421050961	400
-91296.4629728	-840192.19089	-794.489245543	400
-56010.9795662	-840233.036021	-2131.15463856	400
-20010.8372741	-840215.195256	-5319.49196755	400
11959.1007239	-840210.784179	-4250.01728497	400
123868.921869	-840196.994337	-4808.82392558	400
166785.253818	-836650.575046	-4321.91538067	1110
195832.895732	-840218.544819	-3873.72119124	400
-486880.640737	-850218.633004	-1092.98366692	410
-450410.375178	-850158.688947	-2320.74233387	410
-418570.927917	-850281.895141	-2628.8161864	410
-376880.878068	-850318.457054	-4914.30624979	410
-343512.099248	-850294.827797	-5505.74838845	410
-304289.018231	-850310.797762	-3031.24534898	410
-270908.155853	-850232.25546	-2147.09016102	410
-233965.467908	-850206.12362	-2592.19736316	410
-198896.196363	-850214.264478	-911.595800715	410
-163392.222469	-850242.981961	-834.603955015	410
-124257.312854	-850277.903018	-983.547216728	410
-87984.889378	-850277.181579	-813.374853453	410
-54839.9144045	-850272.774672	-1835.80341787	410
15886.2364812	-850275.132792	-4500.33276348	410
51844.320611	-850266.757906	-4343.20751935	410
161091.198053	-850180.152083	-3528.5223143	410
233229.393651	-850284.011193	-3736.92138655	410
-363763.584229	-856284.311702	-2349.26567371	1020
-108413.490938	-855205.587498	-1151.51446526	1060
221706.651408	-856382.364535	-3209.36887192	1120
-470119.205579	-866593.673462	-1881.85771474	1000
-156447.744572	-860136.138575	-695.826672304	420
-115148.860641	-860158.025827	-744.369536435	420
-79129.2796323	-860136.003504	-1766.20924063	420
-40928.4903752	-860128.396312	-2850.9512694	420
-8265.91355172	-860139.070311	-4123.3583006	420
28786.9957322	-860140.227152	-4026.06171858	420
111612.40958	-865997.91439	-1251.23205559	1100
136867.91875	-860094.557685	-3839.19494612	420
172766.669424	-860155.015938	-3346.17758774	420
244822.053291	-860126.078406	-3292.94719223	420
-491424.995496	-870344.095382	-941.736877374	430
-455523.54676	-870363.730762	-1584.77148429	430
-419782.174172	-870301.064891	-2328.74304188	430
-383408.821341	-870310.90622	-2573.0757323	430
-347389.538539	-870271.322131	-3361.37841782	430
-311522.558635	-870285.441251	-3899.11147444	430
-275462.360372	-870270.732874	-1658.97121573	430
-241789.576513	-870277.189362	-3392.64643539	430
-203466.948221	-870303.861993	-1754.45839834	430
-167546.225973	-870294.585057	-708.600463808	430
-131537.924368	-870305.012077	-977.329955986	430
-98041.6568283	-870345.112179	-755.782616966	430
-59366.3015411	-870319.166583	-934.796752863	430
-19727.5006598	-870280.914668	-3675.61708968	430
84298.5698039	-870294.173641	-3961.11181623	430
166779.447123	-873275.706341	-4498.00441875	1110
228652.318957	-870269.016273	-5995.21315894	430
53794.381453	-880103.912471	-3511.75996078	440
124453.817867	-880088.640288	-4285.69516583	440
196853.738683	-880101.119561	-4003.95434553	440
-551182.291214	-890253.807498	-716.362621709	450
-514959.216607	-890303.281219	-727.54380337	450
-479150.222636	-890317.16351	-747.624857778	450
-443157.718383	-890382.949498	-1728.88286123	450
-408281.152201	-890408.889471	-3049.98156724	450
-368734.608932	-890345.862115	-5497.18847634	450
-363726.108638	-891174.390581	-4047.024951	1020
-335944.06524	-890349.716818	-4199.23095685	450
-298646.571511	-890344.305754	-2689.09338366	450
-264129.025245	-890366.42813	-1465.48132316	450
-226972.95417	-890338.341207	-1667.44648428	450
-190746.893155	-890297.792562	-601.031829778	450
-163317.244639	-887091.320413	-881.539837581	1050
-154909.837535	-890310.475712	-921.600451594	450
-118894.659687	-890291.00592	-699.212954143	450
-82708.8365227	-890332.974528	-1470.31981193	450
-45895.7029384	-890341.888002	-2659.14470202	450
-9872.70927418	-890355.191362	-4047.80737287	450
62523.6476951	-890319.14648	-5557.67883278	450
169024.342319	-890326.585689	-4622.09677715	450
205044.267096	-890315.931823	-4104.2273924	450
277151.382943	-890308.63525	-1570.66326895	450
-108400.539886	-894005.956731	-1873.09204092	1060
221684.576531	-895864.619851	-4424.84467755	1120
-470089.118775	-902738.927372	-1414.06269523	1000
-42593.3721887	-900127.450973	-3305.92724594	460
29085.6852902	-900135.219306	-2248.31518543	460
56619.889783	-907350.017667	-6098.26696753	1090
100989.590359	-900134.397033	-3907.77185042	460
111650.183843	-903496.76633	-734.522625171	1100
280794.810658	-900125.80051	-2651.18466784	460
-537886.510445	-910371.503807	-703.815294114	470
-501914.428195	-910383.101448	-722.422011886	470
-465557.259706	-910367.453262	-1022.89475091	470
-429943.997809	-910339.356668	-1930.38972158	470
-394009.079039	-910350.562114	-2360.35375965	470
-359036.192482	-910360.495527	-3403.38588852	470
-321909.760551	-910383.456859	-3290.06616196	470
-285831.325972	-910320.495836	-2060.22991933	470
-250199.85646	-910286.328128	-1789.84624014	470
-213911.810336	-910277.790532	-509.322890247	470
-178820.834021	-910276.81845	-925.843896418	470
-141876.066375	-910313.491776	-606.198212243	470
-106028.517304	-910259.248346	-659.347662787	470
-69865.6012889	-910292.795333	-1891.97967519	470
-33876.2232001	-910317.359416	-1233.37646477	470
74099.1508838	-910334.568237	-4362.75957013	470
181964.133972	-910333.841165	-3039.53662095	470
290186.692479	-910360.127221	-3955.03247053	470
-163322.012605	-922391.294375	-537.27128627	1050
182667.23426	-920143.201748	-4538.26274395	480
220129.612084	-920104.685663	-3862.42275374	480
255538.994447	-920120.985924	-3243.13898911	480
290347.164135	-920253.101383	-2692.17143542	480
-565460.623851	-930235.993976	-962.99914544	490
-529718.893541	-930148.320308	-951.585571221	490
-493582.745468	-930128.452878	-1724.26337881	490
-457240.195369	-930130.321862	-826.682305845	490
-421756.318291	-930115.790115	-898.282281428	490
-386370.512695	-930139.456093	-1303.76751701	490
-350049.279425	-930139.14598	-3038.11074205	490
-310523.40069	-930134.133145	-3071.83535142	490
-276009.424722	-930183.647475	-3742.41796859	490
-241048.13126	-930192.775032	-1821.64840078	490
-205394.04966	-930163.4513	-1080.99478753	490
-171508.548538	-930137.21229	-1580.33709708	490
-134713.845567	-930145.457694	-614.24136249	490
-97469.2890192	-930157.081329	-654.724528319	490
-64134.4127453	-930158.125723	-947.547607354	490
-25489.1285989	-930148.434788	-1651.35217276	490
46596.0753138	-930165.930926	-4422.99252911	490
190517.391412	-930168.638014	-4041.44123518	490
221671.645596	-927799.881145	-5498.31152321	1120
228137.438961	-930178.877771	-4677.67602519	490
298688.817101	-930201.772573	-697.950836123	490
-506460.379182	-939960.647091	-735.982158234	500
-469834.030354	-939927.6956	-759.063110291	500
-434465.446121	-939944.64419	-1172.87132561	500
-398241.594678	-939980.40529	-672.939797417	500
-361322.616712	-939992.08143	-732.148986756	500
-218269.198307	-939998.646148	-681.544647159	500
-53361.2481683	-935308.725539	-2691.70968005	1070
-542180.900627	-940093.171423	-752.030762795	500
-326338.615758	-940010.74876	-1125.74827873	500
-290296.497838	-940011.280289	-1445.48590079	500
-254521.018756	-940007.399994	-591.521368353	500
-182349.448667	-940011.676797	-614.553192083	500
-146174.364458	-940012.821153	-590.317032193	500
-110204.726383	-940024.163771	-650.092062633	500
-74214.7280349	-940012.680618	-1034.35004876	500
-38288.6841884	-940017.303706	-768.092163025	500
-2183.45378443	-940011.686457	-646.650573673	500
33583.3438032	-940044.186807	-591.723427993	500
56608.502343	-941818.501917	-4697.71452617	1090
69612.0198493	-940007.263663	-702.286397776	500
166771.535749	-945087.072262	-4003.06884748	1110
-457309.566095	-950336.207291	-1857.48233633	510
-421138.451674	-950284.568696	-848.562048276	510
-385355.897693	-950348.797796	-1986.23435048	510
-349478.595862	-950267.612054	-3931.07236311	510
-313326.048793	-950272.850547	-2640.82698962	510
-275472.285308	-950281.135099	-499.23273441	510
-241360.991203	-950324.515863	-1230.63356926	510
-205356.082142	-950273.787626	-772.189453064	510
-169088.298745	-950238.765073	-1370.49335929	510
-133293.951238	-950232.284151	-966.144775322	510
-97520.8640375	-950239.919145	-849.909838803	510
46815.3435368	-950315.158702	-3741.6146971	510
82723.959543	-950189.305466	-4609.98437481	510
154711.049217	-950314.561722	-1418.42077628	510
226860.69754	-950185.277903	-6000.9533689	510
262784.22148	-950269.666138	-3486.49816879	510
298688.051677	-950265.983992	-2804.58867174	510
-568394.699348	-960180.191745	-690.824259842	520
-529919.477492	-960242.465229	-752.1847144	520
-494015.903592	-960226.992955	-1720.19450674	520
-458242.15297	-960247.147024	-755.631085144	520
-422193.965366	-960274.268505	-884.721478206	520
-386072.108724	-960259.848356	-1869.28126211	520
-363708.025621	-963258.400655	-2502.554724	1020
-349993.790308	-960270.204875	-2090.30764149	520
-313811.420528	-960276.383184	-1265.74291984	520
-277709.397676	-960255.673677	-1478.15703116	520
-242175.936511	-960231.919958	-1571.7631835	520
-206014.483312	-960285.751183	-1114.07449944	520
-170402.531474	-960258.436332	-560.089575141	520
-163303.368303	-959040.4055	-992.568908622	1050
-134136.483994	-960259.593475	-742.597949158	520
-98055.2181145	-960287.193226	-651.713217052	520
-62338.5107713	-960264.976301	-814.395666441	520
-53358.1185747	-962463.682231	-2015.68759755	1070
-25908.94758	-960211.521752	-648.005505901	520
10417.9203849	-960230.874935	-588.157263748	520
45733.3191974	-960212.114207	-977.283569267	520
81741.132175	-960207.721172	-789.262577902	520
118066.390944	-960181.068876	-1034.00240471	520
189000.729298	-960189.208168	-1211.5827636	520
225719.750646	-960189.321622	-1630.16187735	520
261909.804028	-960197.152171	-1599.88771964	520
296561.762275	-960169.009107	-590.937063102	520
-513996.450185	-970204.866946	-769.391129724	530
-478756.14117	-970188.889193	-997.336108329	530
-442844.593476	-970200.195647	-1728.61047354	530
-406755.047968	-970210.74568	-1118.32949211	530
-370652.789854	-970206.897877	-3266.77624497	530
-334436.720197	-970212.355749	-1610.83145743	530
-299593.891483	-970337.222714	-1939.79874257	530
-261439.612361	-970276.525753	-2754.36688219	530
-226880.156217	-970290.394337	-894.290203792	530
-191122.300932	-970238.496454	-1150.40955803	530
-154768.980687	-970217.047432	-474.786254463	530
-118968.174674	-970219.284117	-2266.86362293	530
-83350.9392704	-970233.700168	-655.648323303	530
97097.2706716	-970233.032151	-3019.66839586	530
133301.784396	-970214.750647	-2453.85412586	530
169704.725969	-970245.319688	-3949.62084944	530
202047.180839	-970233.5996	-5058.63540018	530
241149.515558	-970189.16574	-2603.07808825	530
276998.16192	-970179.380595	-2886.32630602	530
313245.550206	-970202.071431	-1035.65017693	530
-470078.164482	-974576.70187	-1542.25122061	1000
56608.5278694	-979589.2263	-4870.98535136	1090
111629.144227	-973985.697729	-2140.20544423	1100
-555749.569512	-980276.120963	-736.20425409	540
-520271.637064	-980270.075557	-1268.67470695	540
-484674.888421	-980256.851147	-1245.3751342	540
-447949.368985	-980257.99884	-1205.34149162	540
-413368.497701	-980250.23842	-1551.85312491	540
-376684.883484	-980275.16542	-2475.05966785	540
-340333.864448	-980278.209238	-1831.55793447	540
-305108.628276	-980253.626068	-1756.37687979	540
-268780.306246	-980219.316872	-2942.68043199	540
-232517.134984	-980204.58194	-2057.58935536	540
-218314.333643	-985299.825125	-1684.39256582	1040
-196665.424961	-980201.12495	-3922.27377913	540
-160604.741233	-980213.658162	-840.408142026	540
-124863.411005	-980202.914859	-2026.81323232	540
-89156.9145485	-980239.248241	-3244.96923813	540
-53881.4705484	-980237.690274	-3907.87490217	540
-16903.4270934	-980206.421035	-3709.71049788	540
54888.5476322	-980199.074357	-4644.38964824	540
91338.5772317	-980222.822382	-5234.40966775	540
129392.961451	-980196.732391	-5445.1179197	540
163177.652607	-980218.856759	-4456.13972149	540
166782.324728	-982537.617201	-1849.15583486	1110
233059.546028	-980229.663567	-4274.09123517	540
270958.257004	-980227.554894	-4846.44787577	540
307292.732772	-980216.737935	-3463.08466781	540
-553099.093377	-990234.063916	-516.009521432	550
-521986.342274	-990243.899296	-1275.67939445	550
-488642.055754	-990237.82645	-726.758588642	550
-450714.387671	-990234.988761	-1356.3063964	550
-414030.629958	-990224.034095	-646.771421731	550
-375669.430794	-990236.167243	-1160.42397453	550
-341382.040022	-990238.003113	-1246.94345695	550
-306455.182243	-990236.158491	-2039.7656371	550
-270174.514327	-990230.134944	-2192.6751952	550
-234203.096402	-990243.838214	-5348.25891091	550
-197680.426222	-990238.216743	-2701.90620104	550
-162171.437197	-990238.023925	-682.171325625	550
-125672.891612	-990261.026442	-525.987280128	550
-17082.9098467	-990237.197551	-3161.52634263	550
125803.769175	-990238.295413	-4845.36682109	550
162115.988348	-990249.022213	-3710.55502913	550
198504.330979	-990253.543709	-1505.30800773	550
233767.623329	-990256.300049	-3890.30839827	550
305890.900461	-990257.332277	-4998.34814432	550
341690.74341	-990277.661672	-2991.14521471	550
-559772.310698	-1000373.37392	-1092.12895501	560
-523497.65185	-1000391.46025	-2377.7524535	560
-486800.686968	-1000371.70444	-1364.36870109	560
-452755.807569	-999870.815784	-1633.66538077	560
-415616.800833	-999047.802724	-1152.70578606	560
-379267.510166	-999971.187376	-1361.84814445	560
-363691.167816	-1001246.25095	-1896.50786123	1020
-344334.09664	-1000355.16405	-2425.75081775	560
-308664.287131	-1000334.59036	-2602.71667468	560
-271777.464355	-1000342.5611	-2404.40296619	560
-235741.06755	-1000316.65051	-3288.68642563	560
-199825.546268	-1000310.48436	-2376.68100574	560
-163698.206887	-1000297.1313	-520.442773973	560
-131156.588157	-1000309.74046	-2553.6276366	560
-53373.035965	-997294.164206	-2759.85710436	1070
52383.1682304	-1000387.19466	-3897.28027327	560
88328.313833	-1000402.91458	-2196.66816395	560
121483.486275	-1000406.65761	-3302.84995102	560
221663.797788	-1000515.97585	-3891.32822249	1120
232257.843991	-1000397.71616	-3055.10723863	560
339869.383302	-1000225.32666	-2078.87037343	560
-470137.560664	-1010592.56542	-1562.79050284	1000
7618.95923855	-1010300.38962	-2129.32305897	570
46678.3868515	-1010286.02312	-2854.26650377	570
111633.044968	-1010951.40542	-2119.42401112	1100
151922.762696	-1010279.41071	-3480.18076156	570
187900.067876	-1010242.42969	-1836.01586904	570
227281.625273	-1010210.52134	-3198.04165025	570
260049.426747	-1010219.72225	-3925.28342268	570
295780.508427	-1010198.84202	-3515.50449203	570
331954.679499	-1010195.87364	-1300.494934	570
-539013.765613	-1019993.06917	-1297.32275383	580
-273383.083468	-1018693.56612	-3357.89809555	1030
56629.7273068	-1014515.33288	-2484.66315906	1090
166783.33789	-1017245.23001	-2694.59710681	1110
-512279.83384	-1020122.97431	-1860.23328848	580
-474861.739673	-1020103.10363	-1255.66557609	580
-443712.585126	-1020122.15653	-1152.90502922	580
-403171.39595	-1020187.80209	-1312.49121086	580
-366708.777607	-1020157.37475	-592.41552754	580
-331099.103424	-1020169.98314	-1108.81884758	580
-295072.831354	-1020171.51795	-2669.94993884	580
-259053.965711	-1020171.20367	-1770.95874014	580
-222652.190749	-1020149.48889	-1759.98065176	580
-218331.391567	-1021356.74992	-1259.31356193	1040
-187072.594767	-1020148.49298	-1577.40527335	580
-151332.712828	-1020119.52621	-842.413342221	580
-115381.635162	-1020140.40777	-1444.8435546	580
-83336.0591535	-1020159.81986	-3440.24892563	580
-43141.2362687	-1020124.47332	-678.834010986	580
-6990.70017451	-1020116.10825	-1675.61776114	580
1639.86099101	-1022260.88802	-1583.90637198	1080
29352.8040415	-1020082.80749	-1297.17880851	580
64258.2155712	-1020112.04324	-1007.7961242	580
100397.948843	-1020136.77875	-2366.16625965	580
137007.279661	-1020085.82625	-2528.42519519	580
171005.595594	-1020069.00426	-3184.28759751	580
210300.624602	-1020156.51874	-2013.01318349	580
244859.186771	-1020184.76197	-1440.35603019	580
280404.707737	-1020176.25997	-1868.94925527	580
316995.937196	-1020353.49856	-2062.31503896	580
331746.06834	-1025726.00994	-4446.06845684	1140
-363747.276207	-1033815.93561	-1339.94078361	1020
-202168.465012	-1030290.38481	-663.020904483	590
-166032.472085	-1030321.3595	-1609.37910147	590
-163319.242074	-1031683.06865	-953.184033135	1050
-130089.732415	-1030327.90573	-1060.1874511	590
-94239.2928429	-1030323.39969	-3197.425244	590
-58209.6931408	-1030328.61369	-693.99214243	590
-21421.7110671	-1030299.17914	-2558.15061023	590
13781.2539064	-1030331.14076	-1706.24996329	590
50021.4790947	-1030353.20856	-1365.05197746	590
85315.551459	-1030353.17556	-2638.55139148	590
121922.346999	-1030356.04131	-2431.20374744	590
154244.815989	-1030344.79904	-3716.7573973	590
194582.442694	-1030340.01396	-3101.24363999	590
221644.253468	-1033855.22275	-2858.36796862	1120
265852.9349	-1030341.12291	-4269.49687482	590
302582.395122	-1030347.69075	-2410.63139637	590
337878.672672	-1030396.51464	-2080.69658192	590
-506087.71439	-1040332.91886	-3972.88378889	600
-470306.927532	-1040313.55529	-1587.8883422	600
-434422.13514	-1040305.33667	-1599.79521475	600
-400076.489544	-1040296.45504	-1213.19135735	600
-364563.106473	-1040320.2496	-839.162652524	600
-326439.369617	-1040310.45241	-957.507629327	600
-293999.116001	-1040304.31488	-3990.64843733	600
-254552.474246	-1040312.6562	-1524.46249991	600
-218332.281478	-1040337.06526	-2571.19050281	600
-182246.834473	-1040350.20736	-2620.0944823	600
-146057.130595	-1040341.89001	-962.970635918	600
-110547.179392	-1040344.48929	-2321.6994994	600
-73922.4221284	-1040337.69482	-1682.17310782	600
-38570.2213646	-1040332.98522	-2214.85701893	600
-1829.45480637	-1040352.73159	-749.879278504	600
33870.4163889	-1040340.41343	-1120.32628166	600
69348.5769653	-1040343.63322	-4108.72353498	600
105630.959316	-1040354.37292	-3511.63237289	600
145168.880268	-1040364.17626	-3542.6402098	600
177287.461857	-1040372.88531	-3887.75122053	600
212117.018694	-1040391.90107	-3365.93544907	600
249182.146526	-1040369.88097	-4495.28710918	600
284671.844233	-1040367.06955	-5251.90820291	600
318721.640515	-1040426.40832	-4417.42661114	600
357720.860115	-1040384.21048	-1751.13446035	600
-511687.435551	-1050349.14991	-879.20117181	610
-475755.973512	-1050324.85346	-795.63804004	610
-440148.320505	-1050341.97675	-777.989520816	610
-403562.650094	-1050345.30327	-554.008016635	610
-367427.483013	-1050320.44378	-473.712716607	610
-330905.284416	-1050306.94991	-1125.92519524	610
-295646.85092	-1050328.42749	-752.139599549	610
-259369.419608	-1050332.07396	-672.070006873	610
-224791.125721	-1050337.12244	-1281.66174308	610
-187525.345124	-1050348.7473	-1498.07131339	610
-151935.940117	-1050333.96647	-632.855627385	610
72147.3421203	-1050328.79767	-4414.5619627	610
111648.752328	-1046901.72114	-2611.42271716	1100
223089.535656	-1050284.74469	-731.05916644	610
257735.526719	-1050297.17423	-950.879570186	610
282294.358095	-1050290.15784	-1348.41855461	610
-218332.69718	-1057513.632	-1912.68699941	1040
1650.91053531	-1057833.55286	-1107.72011711	1080
-503376.699204	-1060134.14396	-1697.56472159	620
-470163.472448	-1060103.923	-1777.51464834	620
-434139.32825	-1060101.41495	-723.124121034	620
-326461.782055	-1060130.2689	-1212.03558342	620
-290868.907955	-1060125.38606	-1260.85827629	620
-254232.074439	-1060124.57348	-2240.21862782	620
-217448.931053	-1060123.66644	-2888.12019029	620
-179950.022563	-1060119.95392	-2950.90283189	620
-146151.061715	-1060124.82464	-1287.01922599	620
-109781.362582	-1060092.06993	-898.576733333	620
-74100.7361434	-1060080.77703	-1184.6437011	620
-37815.2687495	-1060077.73745	-665.255657203	620
34043.1215544	-1060055.3746	-738.906689695	620
69767.3143785	-1060072.43196	-1904.31802968	620
105804.724262	-1060092.30971	-3412.17065414	620
177723.153309	-1060073.50147	-3044.79229722	620
213571.460132	-1060110.48551	-2060.60180653	620
250471.108375	-1060089.6946	-3312.54541001	620
287482.097696	-1060032.5173	-3725.06457503	620
321546.817403	-1060016.84716	-2190.09022206	620
358499.254008	-1060051.99445	-1592.33477774	620
-537384.661714	-1070292.14379	-2356.50366199	630
-500976.677332	-1070234.40571	-1279.95089103	630
-465471.941552	-1070238.2791	-3203.88945298	630
-429210.65628	-1070251.29238	-1607.97094718	630
-393324.256005	-1070222.48887	-547.854444718	630
-357408.449707	-1070244.78152	-723.371490419	630
-322086.596983	-1070226.47581	-636.822570744	630
-285198.596399	-1070222.64274	-656.622344913	630
-240482.531959	-1070212.75691	-1156.1853759	630
-163324.700588	-1073275.45446	-2189.42551258	1050
-141366.324058	-1070251.6244	-2544.80417468	630
-105325.715404	-1070268.67783	-2479.53117664	630
-71092.0209554	-1070279.27055	-1256.10201408	630
-53344.291596	-1070261.52416	-671.740696916	1070
-33301.6267508	-1070296.39385	-680.64987712	630
2699.52276912	-1070274.23394	-871.750848324	630
38542.2723227	-1070192.92572	-1133.50295403	630
74435.3809167	-1070264.76927	-1080.0996093	630
221641.932493	-1073617.61105	-1142.90852043	1120
-470144.459088	-1082072.59533	-4093.69274885	1000
-429605.05792	-1080033.59411	-2042.51379384	640
-400265.483026	-1080125.02066	-1188.08911125	640
-292207.940283	-1080043.81272	-911.458935481	640
-256159.539093	-1080081.34526	-612.775280953	640
-226085.917425	-1080057.85798	-792.587402282	640
-185851.836471	-1080058.72061	-2831.07451159	640
-148246.499252	-1080048.76368	-1726.80096426	640
-112105.896507	-1080066.66378	-1193.29218742	640
-77023.0790256	-1080078.78821	-1336.93872062	640
-40253.4390875	-1080073.6576	-2056.14268788	640
-4431.71027849	-1080169.75127	-740.912922256	640
32648.3530766	-1080154.3709	-874.964221126	640
67802.5405472	-1080091.83801	-1211.44290764	640
102975.377933	-1080080.37036	-2082.03905019	640
111675.237662	-1083204.82544	-3208.55812974	1100
175769.946684	-1080085.57162	-1764.97160635	640
210269.268404	-1080109.32662	-3233.21699204	640
247607.684326	-1080154.37213	-2894.14857164	640
287771.851977	-1080126.35629	-2576.09738757	640
355816.680567	-1080104.2924	-933.575488214	640
-504766.263159	-1090324.18977	-2170.48979481	650
-468723.175983	-1090252.90519	-2319.54558094	650
-431491.442931	-1088418.75464	-3033.16352525	650
-396831.024816	-1088308.44836	-795.317993102	650
-324983.718368	-1089060.77647	-1023.21997674	650
-288812.56962	-1089402.61239	-722.871581972	650
-273341.29823	-1091956.21575	-1128.2890136	1030
-252817.488365	-1089750.32487	-618.411659926	650
-216704.188001	-1090087.15965	-1794.57177725	650
-181826.174049	-1090423.3668	-2148.72802723	650
-144427.017619	-1090759.7728	-2984.7009276	650
-108823.678594	-1091077.06089	-1165.18679192	650
-73270.8793757	-1091292.574	-1465.12216788	650
-36739.3708112	-1091799.99448	-1700.0119628	650
56598.5856241	-1085800.81477	-1258.64324943	1090
166798.402232	-1089225.50715	-2770.99736315	1110
323409.301775	-1090708.33382	-1965.82006826	650
359280.379991	-1090224.34314	-793.084741149	650
-363752.530667	-1095668.03492	-964.777551201	1020
-218331.027876	-1093526.71262	-1891.9564208	1040
1638.09091372	-1094610.12174	-742.231925812	1080
35142.003995	-1092281.59541	-868.077990658	650
70955.0564858	-1092147.68284	-985.035644462	650
107236.96321	-1092374.32892	-4557.43391094	650
143267.153431	-1092532.24778	-4900.18752421	650
179168.845985	-1092641.85774	-4071.25859357	650
215169.073806	-1092778.92729	-4153.62817365	650
287292.082053	-1092434.04801	-4443.86406231	650
-522950.896939	-1100313.93359	-2618.23803698	660
-491778.395777	-1100342.38633	-1872.35251455	660
-455516.175707	-1100360.17014	-3457.68261703	660
-419605.712234	-1100372.23991	-1133.13720696	660
-370586.731851	-1100378.40875	-649.416064396	660
-311397.034278	-1100379.59501	-1135.12933342	660
-275804.837675	-1100382.25302	-2415.40914295	660
-239913.966125	-1100390.88996	-1002.8117553	660
-203536.463795	-1100407.05494	-2647.18491198	660
-163315.231526	-1103289.3813	-2001.65234365	1050
-131358.756197	-1100380.22022	-2476.31499011	660
-100706.85411	-1100363.85628	-2184.1508788	660
-60844.6765071	-1100391.816	-1482.69975577	660
-53287.0528496	-1105200.54386	-1728.17109366	1070
-21255.1088007	-1100392.66076	-686.963033608	660
12536.5632568	-1100390.4739	-938.465063409	660
48211.2331891	-1100408.86858	-1108.94301751	660
84474.8445196	-1100407.07728	-2324.95415028	660
119058.964929	-1100408.04472	-3794.81994612	660
150517.303728	-1100426.91022	-1784.20985098	660
192651.031446	-1100425.48347	-2024.35792226	660
228434.23624	-1100380.92932	-2005.99267568	660
265009.918788	-1100384.41224	-1787.63842764	660
300941.741071	-1100401.47657	-4846.89880351	660
336381.376711	-1100364.03853	-2170.61103505	660
372453.003719	-1100341.88823	-1169.46655266	660
-493981.925144	-1110355.00089	-2416.65148914	670
-458143.454961	-1110273.11304	-890.287597591	670
-423194.513661	-1110263.47562	-2204.02392567	670
-386038.808322	-1110256.84767	-375.211631927	670
-313697.426162	-1110286.30014	-829.15693353	670
-278051.064408	-1110231.33942	-853.453649838	670
-241896.518474	-1110278.33627	-839.803588803	670
-206038.010171	-1110270.59541	-2610.09479968	670
-169641.964777	-1110284.23997	-3167.06494126	670
-134075.964436	-1110283.23437	-3626.11757796	670
-97662.4510635	-1110255.15951	-1251.99536125	670
-61837.0178018	-1110278.69113	-1039.62840569	670
-26042.3655683	-1110273.98493	-690.699680463	670
9884.54174172	-1110250.70113	-746.009716734	670
46084.4437894	-1110246.72011	-1596.4341796	670
82071.4452881	-1110255.36979	-2514.58861072	670
116897.631761	-1110324.16329	-3182.68623032	670
153513.712425	-1110223.1711	-4145.11413556	670
190256.880711	-1110245.36425	-4013.91796858	670
221637.342817	-1108488.52857	-3623.86379379	1120
263194.779031	-1110245.92294	-4067.96215803	670
334022.75055	-1110233.48657	-2515.42529285	670
368761.794548	-1110147.63422	-1734.75375967	670
-498913.901249	-1120226.51697	-1088.56274407	680
-460564.985033	-1120254.04802	-4709.84855937	680
-426711.542572	-1120265.91928	-2586.0870238	680
-390735.214241	-1120314.4355	-420.671467086	680
-319045.203862	-1120300.12745	-757.711559998	680
-283145.991109	-1120253.15115	-3236.05585923	680
-247348.238855	-1120252.36018	-3362.58774399	680
-211074.2905	-1120397.61975	-2846.74066149	680
-175121.581635	-1120240.08671	-2631.06047351	680
-139057.720017	-1120280.26601	-1293.25756828	680
-103072.681579	-1120289.21319	-1990.83337392	680
-68193.6196764	-1120341.22866	-848.113891537	680
-31057.0376838	-1120267.25041	-732.556377127	680
4626.52478375	-1120223.80445	-777.818716302	680
40843.1187947	-1120308.03504	-834.613281186	680
56599.776988	-1121797.37935	-2841.01745592	1090
76769.1045868	-1120321.64437	-1146.34072258	680
113047.956173	-1120284.20328	-3711.38408187	680
149071.480957	-1120316.77341	-3620.23422836	680
184843.409824	-1120336.72627	-3213.63161606	680
220848.790052	-1120321.92314	-4636.09653301	680
256848.459207	-1120344.27222	-6131.06157202	680
330664.13208	-1120394.4863	-2694.97224108	680
365868.21048	-1120404.83232	-2715.92923571	680
-497764.695516	-1130109.15399	-1122.43499749	690
-461853.020795	-1130100.72967	-693.556760647	690
-426248.271612	-1130085.5454	-625.622554123	690
-390130.019296	-1130090.45861	-568.143689098	690
-318081.67778	-1130157.26902	-402.906109571	690
-281700.429171	-1130116.46899	-978.28643792	690
-273369.759189	-1126634.98537	-543.845543817	1030
-246078.289395	-1130117.45337	-1363.54121086	690
-218336.441386	-1128783.00629	-870.152197201	1040
-210264.713077	-1130121.54827	-2488.09965808	690
-174088.126125	-1130113.61052	-1681.34853506	690
-137918.585816	-1130127.87681	-2686.6012694	690
-102192.378555	-1130091.19295	-714.890869081	690
-66096.7169177	-1130104.75497	-652.477195479	690
-30057.7583322	-1130110.341	-705.800680807	690
1649.86704456	-1131143.0712	-762.728495763	1080
5952.06861639	-1130108.87701	-782.001429892	690
42168.4222174	-1130121.1069	-784.129285785	690
77498.1830255	-1130114.37135	-1015.13063348	690
113500.001328	-1130158.90514	-1637.042871	690
149924.81725	-1130161.16728	-1598.08968497	690
166792.863406	-1125070.47701	-3328.32714829	1110
186990.463328	-1130123.43692	-791.727861512	690
258250.162257	-1130129.58162	-1841.31142568	690
292891.695559	-1130132.2711	-1564.13432608	690
329942.574891	-1130135.91702	-1069.40288262	690
-163288.788696	-1139253.69582	-1651.87747794	1050
-491508.441966	-1140258.32256	-1347.63825675	700
-456325.686221	-1140298.60256	-1847.53399648	700
-415672.609481	-1140289.69852	-712.701507509	700
-383484.001541	-1140299.48957	-906.726019221	700
-311306.155703	-1140305.51782	-1053.47947991	700
-275021.355193	-1140339.24679	-582.831229667	700
-239321.378951	-1140327.62216	-2510.22646472	700
-203277.69875	-1140335.82521	-4068.90317365	700
-169119.870169	-1140305.15371	-644.734548643	700
-108337.774476	-1144971.84046	-2206.7185912	1060
-95090.5433808	-1140316.33125	-1119.92641594	700
-53381.8265086	-1142585.12603	-658.948154447	1070
-23724.3776981	-1140310.84709	-736.660144715	700
12833.7480026	-1140315.72635	-1565.1683837	700
49704.761764	-1140322.00056	-2331.84316395	700
120628.831948	-1140323.21735	-3025.88124986	700
156653.902746	-1140336.98379	-3217.33503403	700
191447.050376	-1140326.81772	-1703.67539053	700
221634.683213	-1144416.15589	-854.102889109	1120
268351.168175	-1140297.44148	-4769.26108378	700
300462.115194	-1140283.62362	-4387.06799298	700
336475.866336	-1140291.23431	-1385.59765617	700
372499.289637	-1140289.23907	-3203.19150376	700
-535876.254912	-1150141.21638	-1374.21289054	710
-504467.750358	-1150124.83437	-467.883179047	710
-468216.399771	-1150139.00863	-588.649534248	710
-432591.338773	-1150104.85529	-721.106187275	710
-396693.17937	-1150136.13176	-519.236328072	710
-324547.166475	-1150142.20727	-1041.72760613	710
-288532.358603	-1150143.42567	-772.124529968	710
-252748.768017	-1150127.32355	-1948.02105703	710
-216704.296969	-1150138.82861	-1820.1095458	710
-180404.834418	-1150149.97301	-2663.84219958	710
-144920.209397	-1150159.97648	-2246.38410633	710
-108819.121424	-1150160.74296	-2600.83603503	710
-72414.1842157	-1150046.20903	-760.854687439	710
-36577.4890594	-1150077.14898	-1033.07545159	710
-586.074574244	-1150044.57507	-786.670446328	710
35457.3933157	-1150054.02832	-1999.14868154	710
107274.592994	-1150042.14578	-1376.94238273	710
143870.639483	-1150013.69682	-1284.39372551	710
179147.382531	-1149997.75156	-1690.53581534	710
215567.524079	-1149998.36048	-1457.44643546	710
251443.874616	-1150024.676	-965.269729333	710
287451.406327	-1150052.42003	-1722.50458975	710
323496.037779	-1150087.31279	-909.896478877	710
-532781.546476	-1160277.88042	-5109.71618631	720
-498396.068748	-1160282.92745	-3648.54858382	720
-461833.060204	-1160263.51732	-1205.68027336	720
-426273.6394	-1160259.74249	-1582.04967032	720
-390106.588696	-1160259.42054	-1205.94558098	720
-354384.667405	-1160294.98514	-767.170971618	720
-317760.826209	-1160278.05967	-686.624420108	720
-282181.405973	-1160266.52479	-1005.52062981	720
-246688.445921	-1160274.70074	-3536.27060531	720
-210299.261575	-1160280.47281	-3386.62365707	720
-174118.428005	-1160288.6301	-1201.30700676	720
-138142.245862	-1160278.68537	-1569.50277091	720
-102189.932331	-1160273.55803	-2639.82954089	720
-66293.0914072	-1160296.88941	-1594.66535636	720
-30219.7197374	-1160295.1128	-1124.74851067	720
5225.16153145	-1160285.64709	-1463.40131827	720
42439.0817302	-1160285.831	-4517.33872051	720
56631.1920388	-1157940.16731	-3192.47172837	1090
80177.0518986	-1160276.29409	-4373.54750958	720
111008.044243	-1160283.26362	-4358.6735838	720
149825.606105	-1160275.09504	-5580.38378883	720
166788.61611	-1159599.39966	-4193.11755353	1110
185934.428261	-1160264.6817	-3840.74355452	720
259450.688459	-1160303.58465	-2187.29489735	720
294327.073193	-1160282.54867	-4633.11789531	720
329872.489946	-1160349.15291	-863.951325832	720
-218351.942443	-1165379.4878	-1831.42470693	1040
-363800.876257	-1179331.35174	-774.816210876	1020
-163303.322751	-1174812.05639	-2203.35650624	1050
-53356.1629932	-1176962.08564	-882.36601556	1070
-505029.087603	-1180294.40584	-2341.28710926	740
-469955.865662	-1180337.04046	-4216.76445294	740
-433214.319608	-1180366.18334	-2624.89263903	740
-397619.868172	-1180377.39954	-1225.00651848	740
-361566.626928	-1180368.47075	-742.399902283	740
-325322.541527	-1180391.28829	-1179.42004387	740
-289193.001025	-1180371.9058	-1691.15856924	740
-256163.848832	-1180384.72984	-2725.46054675	740
-217629.309855	-1180377.67811	-2776.60955797	740
-181827.679898	-1180344.56341	-2985.84411607	740
-146200.198426	-1180332.50376	-2460.0043822	740
-109619.663936	-1180301.84238	-2541.06839587	740
-73565.1532321	-1180317.55896	-1029.41881707	740
-37588.1422489	-1180326.51633	-1353.84980461	740
1324.37453257	-1180342.03964	-3017.96538072	740
34644.5684784	-1180339.67037	-3462.22924789	740
73399.2345507	-1180375.02854	-4450.85781231	740
106221.849592	-1180347.57764	-4339.6284422	740
141673.990144	-1180331.27827	-4324.08090802	740
214412.500158	-1180382.56299	-2474.63455799	740
221667.913423	-1180046.684	-2694.33671862	1120
250360.763692	-1180362.40249	-2900.06743151	740
286284.936606	-1180333.63701	-3648.91113265	740
321720.715903	-1180356.17435	-865.686944515	740
-470182.769994	-1192168.95193	-4066.49028303	1000
56632.213559	-1193638.36689	-3132.94108872	1090
111584.590806	-1191224.55562	-1803.12963857	1100
-453332.582531	-1200320.10562	-772.947277771	760
-417324.977909	-1200308.32492	-1987.39454335	760
-382567.535318	-1200328.67293	-1739.39849844	760
-345962.557854	-1200342.72669	-1225.33400871	760
-309333.573922	-1200346.6985	-1234.19018547	760
-273366.084188	-1200348.45224	-2987.88647447	760
-236657.711398	-1200401.69892	-4010.89794905	760
-218347.919564	-1201124.33351	-647.719681672	1040
-201196.342022	-1200402.54691	-4140.45957013	760
-164133.757941	-1200401.5487	-2341.96173084	760
-127360.291781	-1200421.89697	-1272.81168205	760
-93348.1472979	-1200434.94224	-3228.31591782	760
-57055.7655848	-1200382.08825	-2613.75761706	760
-21534.0138678	-1200395.8793	-1809.56508779	760
1642.32548461	-1201240.12	-992.211083915	1080
14851.5219866	-1200398.10075	-1683.64584952	760
50478.1591408	-1200372.46956	-3989.8667967	760
86501.5906203	-1200352.0222	-4272.77294904	760
122654.802547	-1200347.8583	-1536.93778067	760
158439.011192	-1200337.19296	-2739.76350085	760
166781.970652	-1197095.60526	-2513.20004871	1110
193765.385278	-1200369.55315	-840.07490228	760
230745.23109	-1200357.70104	-1559.80877677	760
266606.783092	-1200345.66474	-894.512719661	760
302836.60001	-1200243.20548	-2140.52835682	760
-163316.002146	-1211346.88118	-4624.83283672	1050
-149827.532994	-1210012.18423	-1017.77766106	770
-113812.655692	-1209957.25455	-2491.33098132	770
-78337.2411295	-1209939.75483	-1490.87194816	770
-40099.898872	-1209910.2212	-2095.54406728	770
-6386.84145508	-1209926.72094	-832.921580236	770
29978.8784861	-1209934.98072	-1008.29895013	770
66293.4279519	-1209918.17234	-1620.96302481	770
102670.684757	-1209917.16026	-1301.06213371	770
137816.792334	-1209939.714	-2045.37031239	770
174351.214106	-1209966.11263	-917.323278743	770
210405.692907	-1209959.86969	-979.321516189	770
245792.076201	-1209963.05738	-1007.22314446	770
-363754.867314	-1215269.32483	-1066.94067376	1020
-53353.8884344	-1213924.32403	-1715.61077871	1070
221646.065361	-1212994.3585	-1249.15800773	1120
-470183.294284	-1227100.42538	-3999.7534178	1000
-465269.672891	-1220373.17754	-941.14678338	780
-429026.862406	-1220386.76647	-1533.80288077	780
-393039.181456	-1220392.52378	-2685.82507311	780
-357215.089354	-1220388.68638	-2131.01815175	780
-322790.131026	-1220385.60897	-3114.62573228	780
-284964.556839	-1220362.16971	-2705.61639391	780
-251138.738412	-1220354.97913	-4385.5935545	780
-212489.939507	-1220354.55882	-3667.36855453	780
-177209.628108	-1220338.87257	-2859.6993651	780
-141565.83489	-1220336.16894	-4080.20346662	780
-105303.452713	-1220363.64624	-2504.65026843	780
-68969.461387	-1220349.11826	-1660.1065917	780
-29886.8673472	-1220343.30043	-1900.19842519	780
3062.49814707	-1220368.62665	-787.048384947	780
38979.6292815	-1220373.14068	-3943.00849592	780
74703.7134882	-1220382.95539	-2888.8941527	780
111021.26535	-1220384.10592	-2883.452661	780
217499.224547	-1220380.60076	-2314.88907459	780
255237.590671	-1220407.5277	-1537.42581778	780
291084.853162	-1220383.88239	-324.006988479	780
-273365.813133	-1234961.29444	-4927.02231425	1030
-201836.742916	-1230182.05389	-1174.10434563	790
-169414.697864	-1230172.08902	-1149.49639885	790
-131448.441459	-1230168.51249	-2343.28989246	790
-95343.8610297	-1230143.73664	-1175.39001457	790
-59615.3828682	-1230163.04917	-857.36063226	790
-23238.26474	-1230169.53763	-1916.26590566	790
12235.2355855	-1230146.80432	-900.045898372	790
49684.3442512	-1230170.18112	-889.345538265	790
84948.1825881	-1230185.19364	-1412.15793449	790
119815.037056	-1230194.30965	-977.353918388	790
157025.212868	-1230206.76292	-2264.62117909	790
166784.299333	-1233015.7517	-1544.21284171	1110
193060.031054	-1230178.23206	-886.677543457	790
228715.019874	-1230220.38587	-721.544969187	790
264575.481308	-1230206.79485	-395.016894483	790
300196.854177	-1230202.80074	-350.158569289	790
-235420.243051	-1240353.48843	-1730.97900381	800
-218319.576665	-1237227.15814	-1105.99533684	1040
-200770.006638	-1240408.6143	-2602.63122546	800
-128741.160979	-1240395.93338	-1826.79448232	800
-92400.2840337	-1240361.48893	-2066.31713857	800
-56178.5254705	-1240406.38029	-1558.74541007	800
-18816.9490761	-1240458.21565	-940.85235589	800
1629.58055256	-1239244.31391	-3905.30458967	1080
15703.4814626	-1240431.15766	-827.824490628	800
51519.5589672	-1240450.89468	-2411.32626941	800
56696.5823102	-1236525.80479	-5685.36750465	1090
87737.0940669	-1240430.84912	-1659.98359366	800
159210.54389	-1240480.60409	-1923.27111806	800
195983.76309	-1240471.92921	-2249.08527821	800
231878.983776	-1240391.20214	-1149.73819573	800
268025.461622	-1240391.17655	-895.6166076	800
303793.764328	-1240370.62779	-325.605621292	800
-234599.807317	-1250245.02675	-1751.0413085	810
-198928.24356	-1250332.75347	-3502.41064438	810
-162830.439594	-1250313.5147	-3076.85202623	810
-90778.3801116	-1250319.46482	-2807.35310045	810
-54704.3794689	-1250283.908	-1142.23964836	810
-17274.9370636	-1250313.18426	-1579.66660147	810
17733.6115105	-1250325.98812	-2594.43608386	810
52811.1502399	-1250268.29487	-2202.94072255	810
89358.5763047	-1250310.27919	-1557.51269522	810
125260.625339	-1250319.36932	-3951.19282209	810
197282.984182	-1250302.4084	-1825.95904531	810
231199.696842	-1250295.71355	-2071.56394032	810
266460.005835	-1250280.55675	-1467.33032218	810
-108332.612483	-1252899.68962	-6818.55939914	1060
221656.231871	-1252451.36948	-2655.73344714	1120
-208743.484743	-1260341.33742	-2236.55590809	820
-173017.774657	-1260374.14251	-2295.43129871	820
-106157.109278	-1260306.58985	-3319.08398423	820
-64975.1067773	-1260328.44126	-2089.3677245	820
-29106.1961079	-1260325.70067	-1591.88906241	820
6414.00132598	-1260322.48697	-2886.27084947	820
42919.1434061	-1260334.54537	-2196.15568837	820
56665.6454064	-1265835.0697	-850.057446225	1090
78650.8952404	-1260288.86534	-1717.42370596	820
111546.074021	-1263066.11203	-1293.18593742	1100
150966.805001	-1260309.53764	-3950.27814924	820
186852.487866	-1260286.99677	-3973.68334944	820
223616.290603	-1260315.338	-3930.39318831	820
258984.421267	-1260366.50952	-2141.5107787	820
-187864.109058	-1270281.32289	-2370.00097645	830
-81466.9365754	-1270288.62913	-2509.87060535	830
-45696.5422476	-1270297.67061	-2481.23696277	830
-8765.03758779	-1270297.02484	-1980.19111318	830
1652.5703554	-1270731.46269	-3841.85957014	1080
26784.1265599	-1270299.79211	-3226.81262192	830
58531.0373946	-1270273.96293	-2447.6467284	830
98729.7733262	-1270254.9625	-2463.33837879	830
137719.249926	-1270304.69806	-3750.26440413	830
171738.965151	-1270301.85972	-2035.83868398	830
206799.322281	-1270304.00008	-1718.00566397	830
243315.20884	-1270311.75286	-1826.87738027	830
278889.493683	-1270277.5175	-598.540624945	830
314629.547035	-1270328.16595	-813.424377379	830
-163324.902325	-1283034.24863	-6445.04667943	1050
-154816.698226	-1280196.79122	-3105.33691392	840
-120138.859996	-1280205.7344	-1833.53381338	840
-82219.7638439	-1280228.03095	-2540.23645007	840
-46227.3092388	-1280220.82975	-2823.85939928	840
-10052.1404317	-1280198.62222	-814.25032024	840
26202.9187032	-1280210.3134	-1776.18751211	840
62016.400864	-1280201.22479	-2386.65954578	840
97926.5237287	-1280191.89751	-2291.96508778	840
169829.42878	-1280226.38979	-2668.60670153	840
203695.889245	-1280225.32268	-2288.444995	840
242197.371428	-1280171.14745	-2462.71298816	840
276838.833677	-1280180.36651	-503.241223092	840
313765.327503	-1280273.91753	-969.72103875	840
-131323.178842	-1290347.48729	-1410.41613761	850
-108330.925761	-1288884.35924	-4180.29287091	1060
-95464.9319494	-1290346.59452	-1242.87172844	850
-59521.7373185	-1290312.84247	-1399.23752433	850
-23164.4147321	-1290331.59188	-3012.97093492	850
12498.304581	-1290345.74851	-827.40862386	850
48587.9463561	-1290320.39803	-1146.04312737	850
84910.0664871	-1290334.88215	-1742.44328604	850
148965.742876	-1290319.52611	-2211.8357909	850
192455.381071	-1290311.14779	-1873.86669912	850
221662.021355	-1288277.21149	-2089.64520253	1120
228573.206965	-1290324.27158	-1945.01557607	850
264495.136183	-1290312.28815	-1798.72763662	850
111556.472586	-1299162.3856	-2637.72895495	1100
-108366.513924	-1300333.22683	-2082.12133778	860
-70528.6648606	-1300278.4746	-1887.46430654	860
-34555.6997646	-1300283.29874	-2812.70654284	860
1442.8698213	-1300288.38884	-1695.08642569	860
37549.8304696	-1300283.26943	-1594.84212637	860
56635.505709	-1304564.77861	-3489.47048324	1090
74625.7498879	-1300280.20663	-3412.18249496	860
109784.765541	-1300268.3394	-2328.96777332	860
145559.906213	-1300228.51657	-2353.63443592	860
166774.128694	-1305015.01058	-1913.42944326	1110
181378.708715	-1300203.57147	-1310.56181633	860
215598.178125	-1300230.88966	-1560.59533683	860
254887.02466	-1300197.7607	-3446.71740707	860
-73194.2499765	-1310204.32059	-2594.69616687	870
-35244.1254221	-1310218.62032	-1183.64916985	870
1617.82278196	-1309582.03964	-1312.59831535	1080
34753.7022308	-1310313.47594	-1644.16999503	870
70754.2798392	-1310275.25333	-2087.04561757	870
106700.989105	-1310239.89931	-1657.75737295	870
142940.860678	-1310216.93253	-1152.47972405	870
178831.49697	-1310250.03645	-996.709301689	870
214783.156906	-1310228.77069	-3393.02924789	870
250680.67115	-1310190.32132	-1395.96347648	870
-86533.7933911	-1319401.78879	-2029.18637685	880
-53420.1846039	-1322925.13831	-1399.67089835	1070
-50575.3750137	-1320313.22151	-1329.06525871	880
-17046.3387151	-1320301.1329	-2241.04465321	880
21018.1703019	-1320298.70643	-2641.10898425	880
57472.636216	-1320292.73019	-3194.63308091	880
93460.8771838	-1320302.98801	-1829.76953115	880
129365.263822	-1320301.87524	-2113.16467274	880
165341.635151	-1320284.90657	-882.218066341	880
201184.558984	-1320370.92284	-1656.90678702	880
221671.910154	-1323773.25062	-1874.17347402	1120
237476.336923	-1320370.44746	-2672.40380847	880
-21042.3812912	-1330185.39553	-2801.90581042	890
14819.3759998	-1330216.21358	-747.638725434	890
50851.0906102	-1330213.0416	-2333.5014159	890
87063.415153	-1330236.65508	-3384.24736313	890
122688.860702	-1330223.76377	-1674.7289794	890
158923.685529	-1330208.54639	-1243.3261718	890
195498.300318	-1330159.85326	-2036.30131825	890
229808.803715	-1330188.71501	-1916.74270009	890
56674.8478691	-1337881.07968	-1735.85014639	1090
111591.252617	-1335005.38642	-2606.15737292	1100
1601.93507873	-1346603.8326	-1330.1504882	1080
40166.0424438	-1340311.99382	-829.436063704	900
76073.0889217	-1340354.23887	-1953.99819326	900
111926.872593	-1340359.22192	-1047.6266906	900
148230.039208	-1340391.43805	-1250.0107177	900
166782.589245	-1340765.50959	-1414.7985839	1110
183983.47869	-1340385.32559	-1240.74194328	900
220128.908074	-1340365.48504	-2185.26384266	900
20825.5143656	-1350370.3068	-1206.62264397	910
52050.8960985	-1350404.93357	-922.939318781	910
89718.9114834	-1350369.73067	-1705.54531241	910
125419.221004	-1350415.71899	-2945.08159166	910
161699.691953	-1350427.10527	-2583.84819324	910
197601.002218	-1350424.86168	-848.519218893	910
233916.412521	-1350327.50415	-1821.249475	910
269557.714457	-1350338.4163	-373.076074171	910
221666.499654	-1360668.20194	-2189.3439452	1120
111513.205291	-1370844.12318	-665.407663607	1100
56728.8483356	-1373971.63589	-1302.49255363	1090
166774.617794	-1376862.71743	-1885.90622549	1110
